8725
9786
7937
1788
397
4250
8555
7726
8002
6745
9050
6742
9873
422
8358
4957
8594
4181
5528
9109
9901
271
5935
8915
1964
2945
7259
6199
7396
9027
7438
6474
4287
3880
7908
4772
8522
5066
5622
9202
825
7903
3889
4827
868
4425
2022
1521
7311
1300
5061
5238
1293
3836
7401
524
3463
8316
6210
1335
6356
1945
3482
2565
4058
5881
1718
4221
1994
1245
3836
1708
7603
9114
7907
7202
5556
2518
4587
4565
4042
1866
8330
9599
6411
9182
5053
8900
6885
4915
5944
5847
4721
8400
7473
1399
780
8744
8840
8639
558
3881
5609
901
8660
8735
3796
2093
3594
7982
9531
1918
6139
458
2829
7705
2589
3165
7207
5829
5556
6395
209
4355
8190
1838
2208
1183
9464
6784
3928
3107
9890
7046
9484
8911
2634
1399
3276
5700
3068
9529
977
2403
3898
6001
3804
7191
2949
3937
851
7860
8702
3719
2384
1356
5745
8322
4115
168
8279
6699
1649
2142
569
5513
9249
9764
7105
4498
6472
388
7627
6127
4267
8340
4916
1907
7920
2067
7343
6894
2748
7939
7017
598
6066
9656
1790
2199
243
4381
876
272
126
4085
7007
6734
8547
2750
4693
8314
6743
9977
4213
3423
1803
2372
4803
2794
5729
4717
2798
5415
9204
1390
4689
2022
4945
4506
2591
8928
4747
9266
9853
1293
5456
9793
6444
3389
3340
3251
1886
1167
9669
1100
2219
3958
290
8480
2965
5801
7785
4592
3040
4498
5914
6894
9910
1470
427
6821
309
365
1002
4899
5839
1890
1792
4792
5883
9323
2447
1934
7002
9718
2745
31
2895
8386
7309
3865
6832
2479
4739
4340
9605
1785
2090
9543
2035
4958
6270
7295
3508
828
4284
8505
1002
2993
2014
2074
9314
1862
702
7457
9844
4318
4546
2626
8696
4173
231
1832
2039
1165
7037
7554
9005
7100
5916
9236
9544
6608
5717
5445
6102
5415
204
4313
7816
9322
5312
7352
5741
840
2237
6270
700
1629
8911
3344
7767
672
182
1136
6944
8883
6690
9001
9233
6085
2974
9338
9277
8159
865
8853
9283
1855
4425
2466
6553
489
5004
9624
6079
6325
9717
82
5567
1415
200
9369
9285
9975
813
1969
2921
9488
343
4611
4341
6735
414
2319
5652
2330
6314
2590
1999
5599
5686
168
7273
8221
407
4275
8022
7519
9959
8021
8988
8682
6520
3540
5014
3884
3972
1804
5470
9744
737
9817
8998
1683
8138
2250
9473
7882
2862
2518
6014
6458
351
5605
6261
2534
5248
8427
329
5966
7746
3949
3547
3285
9288
849
8322
7763
2361
7789
2281
427
9776
4448
1498
1152
7845
4290
70
241
9078
5342
8932
1770
707
7905
2899
6372
6317
6217
9605
9658
4659
6638
1255
9220
6589
185
6406
7251
2933
5150
5521
4612
3290
7804
1298
8974
6345
2835
5994
147
3880
3766
2150
8296
4267
9563
9633
16
9881
794
6299
7430
348
6225
1036
7112
1189
2685
1092
7866
742
8987
8042
6305
7991
2334
2502
9819
7024
3142
9750
5362
6289
3336
7325
8879
4052
6293
6341
9825
4938
1560
7114
7720
4553
9900
587
3663
2088
9479
9616
1952
6811
4822
6179
2971
4340
7825
1901
4520
5102
9755
6034
314
384
3241
7870
1837
9608
1961
2741
2501
5329
2584
9603
291
9767
1320
3281
5185
1273
9281
3739
1512
2415
9473
7161
2499
8195
3694
5124
9817
5308
5034
8012
780
7865
1588
7789
5726
1306
3097
5499
51
6402
4462
3917
4371
6346
8582
9013
8646
7814
1613
8840
4892
1238
1518
2788
763
3770
1984
5624
2055
8576
4810
6125
2113
8090
8126
3878
2677
7751
5260
7274
1234
672
3439
3252
7788
164
7329
2435
8328
4901
738
5627
7642
6813
3019
2999
2082
9599
4906
9896
8366
5240
1681
3028
9178
3967
3949
4748
6723
6450
5100
2202
830
4261
5218
9678
9963
5938
7591
6575
9542
3510
3534
3367
4022
3473
9350
7820
2334
3459
1700
8112
1775
8044
3422
2689
1550
6369
9229
5485
4848
2801
8030
4037
7188
317
9083
1063
9187
3392
2094
7717
3732
5085
4771
5037
6953
7375
4393
7472
4591
2134
1659
3962
1734
1218
4631
8865
5844
5485
362
9249
2147
9163
9494
2886
7474
9067
6687
4681
7108
8405
6506
3025
3867
8687
2672
3324
4816
3689
3199
8364
2081
4077
5258
5734
6813
5488
216
3033
1464
9928
1132
2023
4966
8435
8749
8286
9449
4071
9532
4850
782
7886
8979
4234
9270
5848
3301
9648
9479
7052
8166
1917
9789
7208
9183
4732
3502
5290
9051
9944
9772
8469
6934
7359
1559
4387
9022
5686
6043
8448
4913
7847
1751
5936
481
3993
2574
5751
3916
5816
1592
7220
5321
4552
614
8244
2281
8455
9862
2012
1571
498
6654
9671
230
8031
9859
2685
7687
5095
6306
7057
1348
4560
6800
7271
6148
8069
9130
6643
4597
3016
9674
561
764
4755
8470
7218
8127
4351
5159
8033
4457
3343
8227
9691
3865
8209
8486
7131
8621
766
2617
2292
4639
7083
3313
3803
8689
621
4698
9349
5802
6843
6065
6042
723
4268
4683
2038
6523
9498
6472
7221
3440
6839
2429
7481
7316
1362
8652
462
322
9636
2647
2897
9246
5589
781
989
5616
9869
5557
4700
9069
4532
7135
8083
8952
7473
1525
4926
1303
4459
7959
7077
448
3837
1197
8110
3515
9866
6428
4665
2322
6401
7749
8758
7457
9114
6376
1266
6367
2473
5636
9420
950
1530
3273
1344
3015
6965
9913
5715
334
9660
560
9281
8429
3837
218
5946
5781
6759
9020
480
8367
3906
180
4505
6540
3960
7865
4171
3562
3143
6080
8773
7653
3259
3938
519
5793
5673
8363
8833
6012
3734
2932
5361
2316
9366
7846
7866
9267
4800
8115
6077
9361
9039
2355
9156
1232
822
7173
228
1620
3195
7818
7159
8811
3035
961
7102
8299
4573
6825
1519
3487
744
4257
5178
9272
6223
213
5567
2236
494
1221
8502
1525
823
5420
9411
3945
1084
7072
4572
5214
