2679
472
8493
2507
5493
4136
7071
1456
3363
6139
6142
1874
5077
5672
8670
65
1378
2611
616
8177
3863
8921
8368
6865
2306
9361
5065
9286
7379
470
4544
2557
8397
3512
4665
547
9155
8454
3500
4824
6686
7647
7599
3564
862
6364
3374
3625
4282
9226
4334
7625
3492
275
4424
7531
7820
8009
9385
2382
4392
2831
9690
7860
2520
3792
6147
5136
8857
5097
6744
5642
7999
7706
4620
2530
8234
7721
2477
9370
5934
6529
3131
2722
9464
2482
2064
7477
5993
6579
1493
8384
2255
3108
8627
9196
6961
3188
7173
5700
4137
8951
3186
6028
809
9554
4043
6168
2633
7024
1109
559
7651
7526
9533
9794
2125
8804
2258
9138
4586
3057
8720
3207
4135
9717
4486
1121
6631
5702
7936
8973
9321
6158
3184
9515
2064
9245
6304
3918
301
1133
2875
7938
801
3074
1076
7175
4042
5374
8623
1245
1883
7061
1018
4684
9492
651
7268
1794
2458
7345
4797
5541
7168
778
4670
3553
8408
7548
5428
2475
7495
2348
8051
6594
4838
2199
8589
3927
6168
4866
5171
2259
5178
1746
5967
4510
1423
3630
7381
7070
6563
8573
2235
5158
9422
3634
3788
1198
2948
425
5163
5390
3158
2968
6302
918
6515
7569
8557
4047
195
4910
4338
8731
6823
2682
8690
4351
4768
7721
3173
269
3607
9749
4120
9611
7699
5578
3449
3456
6170
93
6551
2585
2192
6529
7644
2895
9018
5432
2847
9408
2342
5812
5725
6242
7984
4611
4007
0
2180
7162
6715
2954
912
4451
6418
2931
3695
8148
9725
1140
9645
1287
9717
2201
1537
644
1561
2499
9281
7828
1849
4543
9302
9763
4098
4826
16
3645
4487
187
1792
292
458
3872
7073
51
8250
4005
7421
8014
273
5087
9334
6800
4539
9923
6849
695
1764
2644
9542
9945
7191
5880
3582
6113
3505
2604
6157
6513
3374
4616
5280
1405
1002
4000
3372
423
4328
4488
5718
7165
4398
952
3277
1124
2821
8848
5480
9046
1094
3288
9295
8602
6494
6774
871
8139
9480
2118
7194
6821
4538
5237
2421
9802
2416
4317
5613
4208
655
3497
4682
8130
4202
9505
8896
6630
2611
5661
767
4696
4668
6553
5249
7963
7499
9064
2751
9037
1384
1748
4705
7719
4408
6395
5822
8466
8070
1526
7667
6287
7569
6592
5762
368
8809
5025
5228
6993
7267
6856
8403
155
4258
38
7390
5633
155
1887
6205
7677
7463
6875
9051
845
2193
1748
8509
788
2713
6963
2719
101
3423
7595
6262
590
1226
6307
9007
5291
9768
565
6835
3522
9162
4846
5744
3860
6650
2984
9001
9872
1511
3981
2902
7204
2958
5470
509
9262
1072
736
7534
3661
5785
7486
4
4798
17
4260
1859
5140
1195
5107
2331
403
9239
9758
795
1015
6943
1724
2170
2684
7076
264
9049
9636
8466
1595
1578
3072
5398
5365
2722
4433
6193
9888
5735
4822
4390
1224
8645
8326
8317
395
6783
244
2391
190
8442
6754
4544
6334
6710
629
8487
2503
6075
3164
8867
5846
6034
7437
3729
5495
5535
7127
784
2527
2820
5027
9876
6671
260
6345
2921
9084
8432
2399
3181
3393
2060
3954
5857
8598
7139
4484
1722
7526
8082
938
2815
4465
1676
4094
346
4016
8221
6163
1121
6544
3954
3296
4952
2453
6602
1857
5400
7771
8136
99
2535
545
1585
4749
2618
8477
7310
2162
6801
4106
2863
8202
378
3799
9661
5715
30
4805
2063
8058
6937
7367
3885
7217
2004
7500
4709
4981
409
6678
6447
9598
3415
8883
1103
1429
8240
9714
769
4332
5127
2856
3058
411
385
8140
9229
7564
2501
3762
8609
6801
9137
8626
3552
4432
8975
3641
4654
2041
4445
7821
1304
888
5489
3919
5251
5993
8290
7458
9468
9369
9819
136
938
2161
1291
6382
7093
4910
9401
9537
4411
309
7977
1276
3724
3892
58
2386
9824
5632
7586
1710
734
3192
9328
7332
4232
5837
8606
8752
5626
4872
9159
9095
4882
5967
1305
5931
513
5882
8797
8967
4331
1796
3818
3319
3725
4746
2597
7282
813
3509
5658
7309
7178
6328
4553
7595
8845
4604
7487
7001
7777
824
2922
5961
960
4623
8270
305
5488
2499
5594
7462
8969
3629
4864
3827
5234
5220
2016
2553
8076
7294
2598
4529
6894
9055
5609
9479
9585
5719
9716
742
1864
1455
7008
9397
2644
5072
498
4805
9229
9082
9601
4555
4725
2459
4114
6829
1469
12
4984
3902
5396
9160
9157
3753
2979
1351
8739
3531
7735
5556
8964
6539
8384
7711
414
1040
1303
1142
5076
3462
8870
2801
2233
1141
1463
2494
8358
1173
6368
4377
4252
5177
8253
4189
8442
2358
7623
6418
5674
8952
2353
4868
4184
2241
2436
4555
8636
7544
5376
5796
8706
3642
6604
853
422
7115
4508
3433
8629
7873
5420
5551
5228
2647
3140
7970
4121
9453
1854
1039
143
6958
8049
9257
8490
5278
8852
3246
2807
7967
2980
6454
875
3589
733
7757
8181
180
7046
607
1980
2564
6999
9976
5026
4196
6415
1128
9017
5989
7252
7078
4549
588
5704
452
5900
2034
9381
989
5621
6877
1532
7548
1764
1061
564
8327
695
1818
4509
3460
6992
6224
9926
4223
5755
9553
5990
7370
6743
4867
3665
2806
6592
3879
2186
3825
2337
1132
6154
8120
200
1708
4313
4080
4531
5786
7101
6528
6078
7542
9834
6405
2392
9978
8908
5578
2827
9323
7930
5712
873
1901
6334
7004
1366
5433
9035
1031
2017
3878
4770
9031
6004
1475
9059
3664
8288
7962
2458
7035
4949
1655
2751
7796
3785
2895
5645
2677
7775
1476
3287
5576
6548
6186
4071
2457
5777
3976
8705
5648
9422
9670
5547
8557
9416
8413
2093
4126
5525
16
4432
3195
347
1281
6085
6806
2762
9712
7551
6648
8634
3687
1820
2442
3035
3988
937
1767
3357
1933
3579
3836
2827
5804
6278
5521
3543
862
9763
1124
9965
8812
7568
8143
9228
1280
3157
1838
728
1899
3660
987
6291
3810
