8464
9420
3546
6201
7682
1881
6437
1899
4431
4207
623
8899
3285
996
5794
8960
6183
7617
6257
6405
9440
1819
8124
8330
9842
9791
3429
3408
4580
5556
9654
7660
4423
341
1931
4529
8870
8496
986
6512
1188
2895
4584
7739
2013
5574
6630
5225
1695
3683
2199
8639
5058
1975
4761
7919
9912
2499
4167
2364
5014
4157
5265
3121
6950
5824
1436
6000
3927
1805
2663
4474
1331
4908
4842
6265
5591
8384
9619
8670
1946
5552
1834
552
2292
1340
9613
8950
9924
8335
7642
5024
9485
9687
5553
8892
6702
8046
5096
5052
1601
4894
489
9901
2020
5985
9746
6914
7079
6189
5902
5169
390
8525
9022
6605
8583
8937
721
6627
9462
5771
3929
1235
8828
4216
4565
4337
3679
1817
3137
2399
5417
1565
4770
338
6414
469
8437
8983
3230
2085
9761
3423
1448
5780
4058
5189
5692
2809
686
8272
5362
1336
7314
1420
8771
6357
8452
2777
5694
1186
4476
5250
5906
1357
1294
5016
2348
3122
257
8493
5375
5619
9422
1216
9340
9385
3711
6862
3449
1788
8214
6111
9999
5085
7052
7166
8217
7537
1501
8830
8838
5584
3143
9721
3020
1814
6298
5693
6006
3072
1693
6831
7850
1940
9466
6500
3267
7143
8207
4738
4708
7257
3265
8302
5146
7284
6546
1384
7922
7265
5109
1147
459
9170
8908
8843
7371
9206
1669
5951
6901
2435
8204
6272
4845
5272
1435
5142
526
4179
2246
8464
9176
9501
7085
7384
4339
6274
9385
6666
8708
1434
1985
2217
5516
8390
4429
4893
54
8654
342
5016
6881
4565
7794
1123
8405
8795
1469
1663
3821
9519
7280
7333
3691
5334
4071
7313
7351
1506
4565
9792
8771
834
464
5929
1198
6366
6314
3140
9023
9596
9952
8699
9227
2529
4709
8098
4713
9648
6823
227
9117
2378
5135
6143
379
7445
4459
8610
7786
7443
8909
9186
2179
2719
9813
9021
1034
527
5946
1643
9759
8552
6225
5745
5851
2079
9723
4214
8553
2123
2480
2566
1015
7428
9683
5885
7396
5917
6065
9648
4009
2724
4271
5312
1842
4560
6237
222
8888
4847
7955
8897
4625
2650
1802
3858
6336
7989
172
6701
3371
847
104
7681
8842
6391
7819
4625
8695
2470
4326
9512
7569
9726
23
9151
2898
395
941
1952
8097
4660
2760
3187
7151
8890
1273
1629
7516
8693
2471
6005
4325
1879
1438
2934
1211
5944
5075
3303
1295
5466
9181
6113
8628
9811
5449
9670
609
7798
5262
8601
5506
8889
5863
1481
2393
9737
3238
4257
459
655
7547
5302
6689
1306
5802
2711
1545
3428
130
8901
4202
3405
5307
6504
8630
5311
1552
2143
4098
854
1975
4539
7872
450
3008
7415
378
8950
6404
3328
6396
5889
4815
5367
1189
7959
7626
3286
4006
2300
2843
8589
22
648
9969
1203
2056
314
4802
5482
2438
4302
5753
8746
9394
2059
481
2592
6313
2414
8589
5019
1625
9260
6920
5744
3840
3727
3885
2711
2371
5678
2620
3592
829
7215
3960
7550
3785
6521
2451
6856
3766
8756
7366
7714
5126
4121
9030
3841
3998
2754
7982
484
4615
4004
9215
3471
6413
1629
7547
5944
4648
1292
4664
4529
8805
9397
5740
9737
4994
5687
3137
2068
3876
4626
2270
521
8182
7273
8461
5037
5215
8480
3917
3645
4239
9987
4714
5980
3425
7135
9984
4392
2037
6380
5372
1201
2640
7291
3769
1980
7738
4825
9515
5859
7442
5857
2213
2600
1650
2637
2637
2113
8650
4551
1818
983
9325
1233
1112
98
369
9308
7187
9394
7496
9337
1262
575
5258
8261
2202
8257
2146
1005
8271
24
9414
5248
5963
7175
8794
5816
8870
8045
128
765
2440
8941
8017
2366
1150
3001
9318
5147
6374
4726
619
26
852
4519
6928
7415
3255
4019
2428
9457
8074
76
8811
4565
6458
8954
4678
7455
3205
7594
4682
3736
3731
2971
2970
4351
7858
792
790
7089
692
8977
1393
498
2398
7980
2690
8847
8092
7602
3936
2132
7666
801
7825
6133
9166
7825
1641
3036
5445
7572
8174
3805
9496
6855
3990
7894
2440
4268
8468
2696
5080
8436
6927
862
4294
9972
933
5992
6573
4394
2555
6733
1151
745
2548
5673
2039
9084
6633
1350
8643
3263
713
2138
267
1332
3910
1506
2583
7299
2122
3037
4035
1475
6361
3165
2655
7563
5013
3272
2620
1770
3896
6460
5571
1416
9259
8531
8853
7989
9357
9895
4474
2494
9512
9920
7344
5437
3368
8250
9951
6562
2910
2546
8934
1090
3506
8886
485
9479
1571
9593
5691
5747
6425
2682
4230
1500
5920
1051
1964
8652
3071
2290
7340
4741
6643
2738
761
2723
8108
7517
9286
6681
3495
9687
4245
3207
394
3866
6862
6855
4836
6561
9365
1304
1618
1760
9163
6470
3962
9265
662
8831
1220
556
6463
4731
4582
1781
4252
6965
4261
1366
8316
3556
4029
8270
7141
2442
2786
6719
9475
9198
4028
9063
4498
8944
2954
6987
7323
1028
4087
1324
3490
7071
3843
5087
9635
4796
8250
2186
6292
6473
4431
3491
3240
9391
3887
3867
6516
9938
7481
8842
7643
6683
7884
7132
8357
7669
1423
4667
5745
4801
2686
5570
2035
2282
4869
1340
5038
6319
8135
3939
7826
3677
2271
7022
3072
7796
9891
5810
8242
2401
9504
1844
3228
2434
809
645
2936
4099
3295
2699
1504
2186
6120
945
1452
3456
3397
152
3867
8487
7230
7488
3836
6161
8269
3087
1615
3447
6568
6581
2372
847
5458
683
4615
1941
9081
5252
5634
9660
9350
2930
4552
8770
6928
8556
2385
1065
8988
458
2153
4459
5868
3143
8746
6247
3648
8799
3830
8468
7828
3837
1119
4435
4428
6093
4991
2623
3503
8494
5438
9884
7121
3087
2854
3508
6838
8155
6129
1143
5423
1577
2984
8113
5740
766
9224
1827
9286
4984
6452
3281
2118
5255
5343
5571
752
2900
4603
8837
8562
2152
6225
620
5408
6932
8972
6136
6128
9393
7632
7001
2733
5169
8474
5501
8615
61
871
2253
