104
4438
8931
8277
5539
3741
5387
4933
1792
8793
8366
5941
7563
519
2526
911
1375
9629
1840
1227
9451
7029
419
6063
8855
7376
4553
5526
8025
1883
6037
9617
5887
699
5490
1326
6025
1196
2754
1376
5695
6063
1714
8851
4348
2895
4412
5471
826
4934
4402
2557
2657
4185
9091
2123
245
4262
4755
388
5110
5117
4334
6284
5246
525
6355
6728
3596
564
4205
8028
4931
234
7966
9934
6011
2057
6377
7236
3382
5243
6008
9719
5851
3518
352
1585
3624
2516
250
4483
9278
5624
1040
2723
5305
814
4123
5329
4596
678
12
4778
9657
1418
2167
8051
5674
2575
194
3208
7622
3063
8894
279
215
6875
6979
4462
8845
5803
3886
1637
2104
8945
5935
7933
6994
6420
3773
9622
8427
9514
2876
5857
1022
9010
9558
4840
9647
2546
8028
663
4906
7825
9170
1069
6600
520
4885
2816
7351
7098
5890
1742
5150
5833
16
4262
4758
4757
7497
3687
5898
7711
7298
3735
7346
6062
4992
8579
5266
5778
1137
4270
4147
6619
7046
7060
4717
1186
6691
1159
373
9043
6161
7155
2432
3730
8782
6988
2905
1989
111
7678
6075
2187
2664
756
2801
8791
8330
5714
4102
4598
206
259
1325
1697
7072
5564
7530
6266
2337
6181
5784
9748
5331
7428
7121
6311
1547
3230
7216
1442
6914
8193
3064
2006
9617
4826
8658
6909
755
6684
6820
9110
3652
7761
4545
2009
5481
6657
5755
6467
9788
7036
3892
6313
5437
2758
362
1897
8431
5990
4677
3023
3727
9559
1384
9265
7952
7107
4733
6211
6185
5876
3524
4656
4862
8339
7479
9243
8590
5459
1947
5587
1858
6014
6254
9965
6817
7294
3150
6027
5911
5118
672
2741
199
8818
2904
3507
7847
9819
7391
4156
8929
7164
8298
6141
1400
1643
6840
4544
498
5064
7632
9717
857
5973
1552
3172
8518
8127
951
7658
1727
6199
2655
1033
8145
5286
8648
3998
8603
113
7340
2104
8274
9715
6442
9812
5041
1538
2542
7105
3074
560
7691
8218
2313
1054
9342
7939
6311
8167
4244
3184
8447
2152
8224
4325
7750
2070
4945
262
6024
4553
9643
7169
8452
1268
2333
4458
7969
4497
8178
3878
1971
2625
2906
7882
8369
2942
1527
2465
2802
2792
4856
1377
6724
3240
3532
8993
7353
3949
33
3665
5408
3315
8112
7589
4955
8969
3197
9684
8524
7982
8901
1076
76
8480
1922
3526
3888
9796
7364
7424
2695
1606
5373
7739
2354
286
487
3657
8879
8660
5218
9618
8691
429
6634
4651
1864
7913
8090
6840
3944
3645
846
8866
1634
3015
4289
4068
1146
6754
1775
1856
8061
7958
5637
8129
7272
8469
5906
4041
1117
3451
4358
3395
3406
9231
7414
1331
3246
473
1179
940
9981
7339
7161
4211
8383
5028
8023
7290
3207
4149
585
1906
8229
9320
5868
3753
7967
25
6169
9975
9936
2173
1037
1792
8749
8378
6295
8311
7470
7202
6378
2061
8747
1972
6832
6957
8575
5585
7979
9857
1822
1707
4327
176
33
9069
3770
8535
417
5484
3578
5240
9142
6466
9461
6096
7639
1368
9247
9112
2078
2347
6853
2403
5376
6508
4625
7231
4798
9658
1010
2293
7652
7403
3944
5534
5529
5527
1890
6235
759
3765
7935
4694
4179
4637
6190
5044
4811
1856
2671
3864
7090
5099
9572
3465
1420
7735
3621
4044
4469
9341
3197
3127
7284
9273
7635
9460
7588
9566
1325
3801
6656
2628
8642
9674
7429
1058
1348
507
8434
5316
472
407
3284
3240
4269
1227
3012
5698
7359
2404
7434
1631
8228
3028
1397
5434
5745
9563
5850
7024
639
162
7144
6820
2311
2345
7784
8020
1067
9068
5524
1726
5258
1248
9790
2049
3366
3352
6672
24
2221
6329
2517
6117
3256
1246
3001
2874
4477
6611
1391
6893
5414
9973
6119
7280
7289
9778
6237
5723
6754
6642
1217
6362
7751
8261
4476
45
6382
5364
3548
1693
1564
2985
8254
1973
7335
5056
4948
9634
4920
6316
9395
8944
6713
503
5915
6932
4504
5902
5935
8742
4995
433
8756
7356
7037
6146
2771
806
4013
2139
7284
3542
3579
3414
4701
8789
5378
4459
2543
5025
1945
5451
8872
6844
8259
1893
4177
2395
8295
3970
2852
7351
112
3329
7470
1801
6575
9196
8747
5353
8095
8608
9
2341
6523
1484
5256
9540
1454
471
7350
2706
3523
7766
6037
2949
6859
3908
7838
6866
578
4570
6001
6732
222
3836
6454
492
1185
856
2385
6358
4574
7387
5158
4576
3068
7248
91
922
5839
305
2087
3873
514
8751
9169
1462
4274
1152
8384
3031
6409
2805
6908
6797
9237
7385
4218
4480
787
6339
9700
7218
2442
5594
8808
9103
2
3658
9133
9510
8213
403
9767
3275
3733
4942
6340
3518
6741
5124
3114
6440
5470
2547
6300
5442
4035
2270
7817
3725
5555
6336
9848
5677
3312
8496
8195
7159
5881
6162
276
1446
5048
2582
895
9895
5572
1475
5853
5341
9179
4915
8862
7521
4102
2426
8374
6176
8388
9245
7701
1939
812
6725
9846
2424
7881
8914
679
882
7277
2294
6488
881
9853
5003
5738
7891
846
3923
4030
3588
2293
9713
5438
4759
7178
2160
3864
9110
5705
456
3116
5138
9396
8870
4042
7125
3528
7193
3036
8715
4982
7077
7937
4708
2683
1661
5076
4594
5240
1798
3376
2195
4044
8999
9458
6842
5111
5800
348
55
4094
2283
8215
1908
1922
2772
5256
9463
3343
662
4385
3302
5549
9852
3460
3390
9838
5212
7322
4225
898
7375
722
9034
8706
5696
5156
4181
5678
3286
5032
5728
420
6191
3237
2321
2937
5191
7411
1528
5385
1587
6485
6589
2634
1929
195
4012
9528
1875
2516
9028
3017
6669
3579
2449
4294
8852
9644
2455
2214
8755
4405
3688
1499
815
453
6584
9213
3980
5412
8012
7243
4650
3634
5797
2499
2842
180
2656
4968
5619
4744
3510
2950
423
23
8568
1045
8146
1294
8235
3980
3318
3297
1368
5475
4483
4079
6226
