8936
9889
9702
8686
3362
7237
7193
8233
4203
1945
1242
5491
6748
8956
8652
5820
2081
7778
8868
6115
6905
4128
3945
2148
632
8859
6094
1714
5046
50
8152
8202
6387
9311
750
4019
6528
4902
4183
3410
4589
3888
5841
8499
2671
583
1391
6538
6101
7165
9158
4472
7210
6798
4197
6775
6761
448
5232
2219
8159
4206
8196
5595
1223
6157
3542
4764
3490
3515
248
6215
4449
677
3249
3198
9472
8102
2343
7299
8852
925
9589
6608
9515
4995
6681
4889
4661
349
7606
7303
4453
3794
1334
8943
3194
8464
8846
1363
9076
947
8389
4405
4425
141
5115
7655
7885
1384
4397
1974
5940
7893
3413
2997
3658
1119
8874
4568
7900
6941
3953
169
9870
438
4049
43
2259
8068
2195
4653
9080
7082
3540
2629
953
1817
8632
8139
6267
3775
8528
8244
1121
6352
7019
231
7860
1581
3554
2403
639
7806
1784
174
8704
5812
6284
5632
3555
8291
6626
2885
9186
1192
4421
4432
9214
8343
6282
7147
7367
7877
5352
5208
3806
1764
1539
4461
7751
6198
5150
3408
9335
4325
9496
8359
3254
8588
9832
4805
702
1922
4423
5467
8952
4949
4708
8982
4789
2601
7492
723
6035
187
5841
717
5471
3980
3970
2610
3716
4648
7703
3661
2592
6370
2710
8617
8066
1249
3714
5233
7363
4936
3122
1587
4683
4208
7331
9619
9593
651
3837
5758
5328
7117
9293
7066
7684
4712
7158
426
7208
7229
5716
2124
2577
9021
6686
8832
3817
9950
7559
2476
4369
2187
1734
704
8311
2522
9485
2813
3005
7552
1186
5644
8318
2034
2543
917
6009
916
2874
3772
2936
1731
7536
699
600
6756
2915
4594
778
7535
7607
6538
9684
7435
3938
578
6706
1628
6464
7975
4652
8807
1901
2433
7767
8548
7470
2094
7932
4354
954
5947
9047
975
2072
6613
1202
9645
1628
2848
4578
8824
196
8498
9340
5038
1835
4
3638
9174
1654
5714
1624
817
1224
5633
531
842
7948
6744
9171
1377
4176
3039
477
823
1687
7991
3219
860
7428
4046
3724
7196
532
4345
8126
8278
6908
2115
3710
8206
4222
4019
9837
3174
3451
2152
8653
3915
7919
6494
6300
6986
1866
5902
8324
8844
5598
726
2261
3934
4842
2050
3132
4529
4487
4283
8645
6064
8674
1669
8127
2178
8707
8087
8714
4039
5038
4425
7475
5224
8374
6428
1127
3798
5601
9000
698
3112
4880
7342
3345
2084
125
5776
493
946
9643
2920
4304
3209
785
6315
8434
9061
7999
6158
9939
1271
3190
2096
7050
8216
1232
2286
3981
5135
3945
4366
4247
7191
8723
2932
3690
4991
1383
8264
3502
9188
7570
6219
2409
2955
4796
1069
844
3794
5600
7161
6101
5431
5531
4596
90
4333
6335
3146
7426
3315
7091
278
7651
2957
8902
9943
2766
4280
9758
5133
4439
959
9971
7760
480
610
4693
8908
7284
2137
3214
3003
1530
3797
9000
4158
594
5065
9430
9939
5895
3170
8772
7964
7487
698
1624
6607
6190
948
6984
424
6145
7686
1727
3351
4798
6401
2392
3240
3811
3029
5959
7144
5108
4755
4511
7922
5129
8004
9824
7133
1895
4602
6859
9458
4008
9824
7466
5251
2975
3828
2333
5406
6804
8167
3212
9003
3681
7464
2368
8899
2147
5253
6245
7889
9828
939
1369
3901
6611
8521
1154
1459
7786
2854
2037
1775
6599
8964
6420
983
2469
2597
2639
9526
7023
7673
2083
7514
3326
7604
1795
506
4355
7823
8586
7767
241
7515
3773
3924
9280
3509
9195
4848
153
1842
5908
6737
7876
1504
7837
7722
7237
7277
5300
5270
3269
586
9941
8090
4906
9843
3881
6421
1860
8411
9556
737
1749
2040
95
4712
7711
7695
6538
4061
8493
4993
1608
5268
5197
3753
8732
2304
9805
8935
6150
6195
8647
2640
5127
7756
8069
9505
1368
1987
7442
1132
6095
5726
9295
7010
5903
6583
6264
3500
2962
4367
3501
9268
6936
7311
5327
2620
6007
5805
7996
7322
3395
6380
3305
6653
7791
623
336
1309
9862
1741
1043
2676
9455
8481
5332
8598
4387
5078
6694
4061
9694
607
325
9752
1718
9682
4657
1939
8719
6934
8125
5887
5411
2698
7984
2229
4752
752
3628
6969
9299
3356
9727
682
3424
2545
5079
2610
1234
5010
7343
602
1034
5666
2282
9730
9115
4814
6124
242
7651
925
3722
8242
9959
9505
6574
2989
5255
8559
7947
8456
1491
873
1666
7444
569
5797
9255
2917
9771
9692
9379
4206
1290
2655
6662
2826
1897
6232
9094
8952
2637
5991
3400
6244
2886
2741
9843
1462
8663
7553
4269
4529
5733
8700
3665
6902
9075
1462
5743
5369
6534
440
9392
1253
6956
7106
1232
924
9697
9833
8026
3840
3799
1116
5305
1689
2458
9173
214
3993
6468
1665
367
7248
7142
1379
6959
5186
4899
4417
2965
4430
1189
6816
8079
9725
4144
3904
7104
7131
6237
7400
1011
1465
7820
2944
1284
3707
3864
590
7945
8596
7237
9473
7832
9706
1098
9348
4602
353
6160
3434
258
2113
2692
1957
2808
2980
7140
8855
5279
6248
9455
6196
3082
8961
7488
5299
4252
3286
2733
878
9815
4804
9586
5530
327
1644
7521
5878
5267
6652
8075
2310
1363
4667
4527
6452
8009
860
1913
9824
5371
6323
6462
8455
5574
5801
2139
7641
130
3015
4368
7880
164
7791
6838
122
1373
9851
8430
5829
7826
6943
6179
1756
4812
8422
1046
3795
4157
3178
9
6250
4534
8975
7909
7705
2163
3064
3112
1767
140
8828
9801
3853
588
771
9718
3390
9667
2343
6428
6391
2763
4742
2108
2628
5425
9083
7569
1486
6114
5391
5435
2508
5976
8532
4151
1606
6248
975
2665
195
325
3775
8773
8304
717
4864
4137
1560
917
9241
1285
6363
3286
9271
6869
3118
1166
5257
9163
7984
8848
3739
4658
5888
8965
8881
6620
9095
1201
6474
1489
4736
8088
8441
6796
1283
2655
4998
0
2293
2385
5242
868
4463
1345
7667
7187
4336
