3130
8433
4196
9462
2729
9808
9935
413
3020
1301
2671
2647
1766
3197
7802
8998
9191
6788
143
5872
8456
9105
3784
3824
2542
9066
385
4826
1208
709
8858
2882
441
3871
5671
483
6526
3715
5499
4077
8583
2316
263
4193
5698
6432
8015
1496
5445
3091
2571
2184
9128
2370
5660
8440
4166
8954
4519
5973
2498
8732
7955
1445
3291
1935
1714
7684
2313
3496
9106
7231
8800
6967
5374
268
1757
5020
3704
9339
3357
2526
1752
3354
6847
7102
2965
9012
6615
2469
5093
7581
4164
5772
101
19
5388
6011
9872
7332
9311
9747
8462
3634
1809
1905
3952
6799
5525
9317
257
3733
4514
6
2402
4060
2359
7116
8825
3938
7196
983
7475
8495
9072
5875
2502
6454
1706
2695
9079
2139
8159
7565
3941
9898
8158
8452
6161
3863
4996
2434
1827
8767
9396
1748
595
6801
6745
2958
710
682
8843
3440
1056
168
9405
3978
3871
6525
8313
4664
4832
8986
1862
9213
6666
2491
7449
6358
9759
2876
7665
5825
7966
6079
7508
9443
2517
8743
5966
9549
8721
1346
4787
5854
3729
2433
7037
6771
7854
1640
7607
8708
1639
8087
2510
2832
4405
1433
5438
4339
1445
7746
281
559
2475
3939
5988
1628
3156
4457
511
1156
2587
3607
2630
5193
5927
5642
5483
3863
3005
2489
2145
7575
5390
3265
3320
2985
7338
5757
6794
5192
3191
560
5523
8677
1908
1434
4791
4419
738
3714
307
537
5661
5886
6819
614
7255
60
9294
828
3297
5079
4194
346
4309
8544
9969
9570
203
6754
5003
5895
3272
6522
1712
1154
8557
6960
5184
8228
4218
4260
8334
45
1644
2529
6913
8493
577
515
8973
27
5323
7447
923
6617
9486
1972
8727
541
114
7754
8456
2515
3269
5136
6454
2727
4778
5548
1511
7624
4846
4132
3092
6453
2836
395
9997
635
840
5310
3680
6388
9418
8595
8740
8688
3484
5194
5349
9992
1844
1077
5553
8139
3375
4839
5197
8748
5713
8280
4572
7331
8422
4476
8312
5601
3916
7412
3795
427
6995
995
6010
4581
6740
7730
1869
9029
9622
2125
4803
2902
876
9851
8366
9697
2725
3908
1301
7691
2698
3600
7422
2205
8629
7115
6816
5820
6101
6125
7636
5790
9262
3825
2690
9209
4874
6777
4066
9219
3292
4916
84
8505
791
8062
4137
8563
5197
5723
3102
2871
1723
7264
4352
67
5612
9185
4653
1158
4935
2459
2519
1680
752
7219
618
7313
3697
1211
3531
1631
9414
6527
8506
2777
3834
1856
1676
9155
536
5211
7443
7478
5279
8945
1859
6181
4683
7364
6728
6237
9362
22
180
2525
2646
6840
9585
1161
8184
4241
3725
5356
9429
1925
3159
3751
2331
1934
8200
9708
1635
6825
875
58
8323
9849
9655
3238
6877
6629
1730
5813
6735
1813
8400
2372
2539
9271
6211
2466
763
5523
10
8910
848
422
6779
2127
7692
7168
7604
6517
6154
2050
5172
3568
9562
9096
9244
8861
6515
6593
5038
6398
2488
3007
780
1847
8534
4278
1325
5804
9100
8099
3845
151
298
8780
7548
9033
3654
1192
9089
3443
8180
4003
8958
2920
6095
8358
4267
363
4781
4315
1816
9810
2408
9070
8081
1838
7514
4924
5535
9832
6651
6086
2659
5979
5809
1837
7819
985
4885
1943
8618
3399
8478
2763
489
8484
3558
6962
3235
6967
3543
9987
9921
4891
5129
6187
8122
9476
6277
8659
336
6301
3540
9013
411
5330
3104
2648
1429
7917
592
1668
2112
5602
4000
4868
5522
9384
6385
6064
6922
5648
9920
3026
4293
7545
9137
1158
3289
5631
2116
9516
3256
664
6058
3156
4992
2390
7084
5594
3021
7502
3051
8210
2582
2262
2823
3223
5571
9933
1080
293
8041
9003
1593
9915
6511
6348
7345
1954
7741
3276
4273
1175
9572
885
824
964
7163
911
5564
2236
6725
1817
256
4912
2800
9935
507
9380
6741
1421
6727
139
7481
1082
6253
318
6327
3694
3491
5309
9014
2760
4636
7775
7912
6819
8269
9898
1826
1221
9669
3514
7791
8857
6894
5801
2198
7719
9106
5722
2378
1877
2787
3019
6872
9368
5920
6944
3023
7111
32
246
7502
2505
8804
1967
9406
8241
6543
1978
5862
2520
9269
3228
7416
6698
9089
8933
225
6934
3881
4893
6465
2459
2873
5690
3871
2283
6540
6389
3470
4696
9972
6912
2505
8813
8042
1680
4822
5903
3707
5207
8206
6768
225
3259
6962
2964
2372
9552
4820
6795
7448
2738
4430
6452
8846
6953
4556
702
1439
4114
5267
7357
8994
3017
7195
2927
316
3430
7229
8142
6853
9048
3596
1217
3940
7056
6707
2792
1207
1356
2628
2269
8302
7614
1915
6104
6800
4648
7593
5357
290
2748
4792
6835
9114
164
8672
6916
5127
1450
2184
2935
4119
6580
1451
7073
9551
1528
665
8803
651
7718
9103
4470
7608
6109
16
575
3317
1846
1435
9004
4176
5621
9266
7146
2891
4969
6434
9172
6775
8955
9753
7401
8600
50
7817
1388
7839
987
7956
6955
9525
8244
7286
4559
1455
4410
1944
7538
5963
7764
7537
6963
2202
9639
7766
6749
9109
733
4906
4788
3736
3017
7677
7212
5614
3258
7936
6891
9101
5566
671
2172
4083
4491
7759
7260
8860
7087
5065
1582
8280
4933
669
3294
6070
9167
1387
234
5274
5462
4239
8775
6451
346
6877
6357
7023
3635
9802
6499
7124
5122
7314
6224
308
94
6003
7861
6860
2784
3774
6170
4680
3703
7634
7341
3752
617
9051
6443
1642
93
3820
4928
780
6098
9680
7108
8636
9426
956
7748
6959
666
495
1487
8941
1222
8300
8875
9316
2849
7845
5263
4333
7981
2878
3738
6797
9963
6658
92
1652
1586
5188
2303
5144
8850
1679
6697
503
7093
7979
555
4583
3547
689
5162
678
780
6514
7314
8012
5237
7424
6362
5365
2893
2666
3424
2750
4853
9543
3394
2437
9470
1314
2123
6594
8096
319
8271
6313
7736
6220
3502
5061
109
2862
4182
4910
7078
