3541
2599
9498
2448
574
13
7094
4545
3298
3801
2272
3702
8717
3736
8157
3337
5937
1300
848
4788
5601
3693
7884
481
440
2625
8770
4420
3523
7532
8092
1964
6888
1898
9106
5529
3519
6360
4346
919
379
4681
821
4353
1069
4880
3827
3191
7800
8313
9719
1239
4697
9671
9261
6204
5577
2228
2199
6287
4221
2058
9578
3625
7354
1253
9121
7565
2734
9634
7853
3690
125
5891
9342
1037
6946
7974
5584
197
5244
7380
936
2719
8298
2818
2564
8289
5869
3094
9837
9772
7207
4022
7010
9681
1442
8572
9453
3009
5100
2834
4351
4599
297
9631
6555
8197
5421
4902
7619
6384
6654
5940
574
6646
9582
3805
2712
9967
3612
4636
1565
9838
9764
7374
6522
6713
8754
702
8660
1101
7985
882
6330
5901
1596
2317
5360
3198
3405
3466
6528
1783
1860
857
1487
9316
1809
1130
6211
6240
9744
8108
359
1809
7186
567
8526
2004
1020
9361
1141
7466
3592
850
5728
6457
7667
954
5754
9885
9401
8515
6610
3455
6227
6201
9885
5359
4176
6193
238
7481
7532
5864
4022
4318
7857
376
4144
8664
6855
932
9880
8314
1045
942
7816
1692
5428
7927
99
6215
6737
2068
7501
4563
8763
7765
9702
6096
9294
4107
2374
6659
5364
2744
5420
2798
1290
7337
9157
9884
9900
6636
4453
7854
9625
4422
3185
9995
2299
7706
4382
4983
8751
3011
8780
1763
5640
349
2529
8079
9251
9633
1416
4128
6241
7853
283
9802
2722
2556
2007
8771
1156
2695
8858
7247
4876
538
1672
7099
2249
5933
8689
5803
3686
7771
7927
8629
6367
9615
5757
5635
9720
8215
9994
6068
7678
139
2274
1173
161
7208
2369
2297
304
4438
6498
9653
2944
9381
7866
3098
3738
1529
7657
6312
7026
2843
8844
9683
4041
8636
7731
9419
3348
6561
5489
2412
2177
8944
7064
8433
263
398
5156
9580
2610
5113
9426
9196
8452
1245
8168
569
8090
580
2925
164
256
7453
4513
1287
4755
1158
9886
2738
9579
1224
2902
8981
6222
7028
2064
3721
4342
9747
3888
3745
6786
4607
1075
7115
7009
5328
1877
3897
2131
1915
3206
8085
5640
9195
7046
5004
6967
2827
6591
3463
1060
1048
9775
5215
8744
4279
564
3263
6896
3245
698
3188
1461
6864
5633
1119
7334
2989
5395
4272
4897
4675
2337
716
4398
556
6286
1929
81
8216
4546
2079
2369
6107
8936
8150
6110
2270
2083
9565
328
6702
3019
7605
9560
529
6233
1989
4746
1236
3574
7116
6520
4668
7704
9126
7537
2252
8271
8761
5318
1352
9903
6042
5565
5712
2778
5373
8798
7039
404
7892
1497
6454
3401
1177
9865
3579
9094
2151
7692
8222
1573
8012
1850
9010
1073
7828
1897
8358
6754
5156
5363
7276
220
9834
7895
6998
9334
633
4732
3798
3667
50
8753
4455
4986
5137
7932
3145
6388
9277
3524
152
4768
9616
4870
8620
3716
3046
6862
9574
6033
9275
6382
1572
5704
8939
3762
6308
6364
8444
6221
5839
1331
5542
8138
2727
4685
1544
6816
4241
2671
5424
1095
958
2374
7059
2245
2704
5937
1630
467
9145
388
4830
6146
5184
4584
1099
6303
6964
6337
1725
5716
2326
2333
4660
8373
8916
7994
2435
9158
4467
5610
4975
9208
9330
5623
6244
9023
3828
1099
1213
28
1496
7162
1706
3290
9233
6769
6199
5587
1321
2751
728
1499
4571
6026
5922
1115
7501
3366
4962
7950
2114
642
4741
2013
5286
3409
7838
8654
2538
4893
9090
9618
2467
8996
7827
6739
7769
6772
7288
5621
5593
3062
7688
8360
8940
429
7257
1679
4495
5831
2898
7084
830
4105
1568
8410
2301
8146
1060
501
2149
7693
9080
9290
1278
3307
2758
5935
5982
2649
831
457
1910
3223
2945
8060
6098
6281
2682
3272
6601
1969
7232
483
2384
8833
5187
7583
575
2007
9379
4489
7629
8170
9514
3852
4586
7804
6214
8260
8916
4299
8807
6336
3246
362
9875
2589
1506
5036
8733
1593
6228
4560
2769
3914
4151
6816
3438
7787
5508
7140
6009
3981
6693
3156
1387
7635
322
2641
4112
2929
8965
4718
3245
9780
7145
9141
6346
9918
8087
9684
7638
1516
5483
8432
7789
249
1866
1163
7437
9905
2081
8223
8268
5557
9169
1692
9920
4899
9407
922
6185
8555
7882
7994
2008
1996
7918
6089
7100
3880
4170
9435
9454
3862
2383
2121
2445
2158
1747
9694
1481
6877
8734
2936
2974
7163
575
483
919
9375
7677
5208
363
2820
7309
474
9936
1509
6368
4928
8204
2321
6867
8258
7030
4189
7421
9414
7438
5373
6815
2347
1537
18
6608
5853
5766
9411
1565
734
8094
5484
9199
7129
7338
3943
2073
6137
5888
4588
3258
1349
3685
7337
5252
1823
9693
8708
1557
9272
8865
828
3710
8808
6836
1985
6015
1880
9473
1382
8260
8253
1951
883
1021
4102
9745
263
712
5967
1934
4178
3432
9222
7244
8640
7023
5795
9722
1845
8503
4345
375
1348
1793
7683
1494
3794
798
2713
6917
3087
52
2852
9630
4831
5192
6221
5028
3649
531
8357
7112
635
30
3980
4881
6559
6465
3006
8394
5076
3847
8807
241
28
6189
2681
691
5178
6933
4499
7636
4643
9494
3787
6097
9659
2934
81
6510
7480
1475
5332
6918
8180
3459
2974
3732
553
476
638
560
116
139
4503
1800
4520
7444
7969
681
8282
6763
578
2833
8034
3869
1033
4063
5179
6654
4041
4343
8652
7420
3261
1815
5303
8849
7341
963
1489
9714
4904
3821
2402
9880
8202
9080
8792
3606
8108
522
5900
7764
9162
6398
3271
3112
8078
7804
2343
9097
7753
8081
989
3884
5301
8245
6638
8591
9648
7817
6824
6751
4792
5334
8568
494
9520
6505
9534
5824
6524
1727
802
7477
814
3023
5440
3441
9330
3573
358
2148
3314
8897
5285
2892
6632
1884
2331
7756
4644
7312
3703
5240
6675
9041
845
4288
7586
1105
2049
9305
6564
2478
3906
1058
6204
144
