9595
2693
6557
3384
1580
9275
6177
8198
7403
5386
2587
1179
8109
2677
2429
6797
4685
6279
9834
1889
4954
3480
9243
2436
8411
3289
2177
6738
2940
2359
7552
9039
9806
8610
9072
6601
3504
1029
396
6179
2467
2588
3388
5975
9060
8877
7571
1621
4008
981
3519
7277
2586
7814
3775
9232
6337
3766
7721
8533
8721
8447
9151
1802
5276
1113
7619
8332
8200
77
712
734
3583
7680
4837
480
4761
5511
5221
6657
1594
264
44
7640
2708
9087
2673
1541
7145
1377
4780
1108
7090
9142
3017
6400
9379
1331
6546
4289
5634
4227
972
98
3976
6789
3547
2092
3761
5499
5167
9543
1391
9734
84
2739
8450
9967
2943
1681
8302
5301
1710
7749
4188
195
6524
4299
6286
9109
8486
9550
2122
5512
247
6309
3900
1098
421
9394
9221
9016
8506
2300
5442
5595
5892
1891
5958
8609
1339
6250
2540
46
1485
2828
9694
9729
3752
9438
5026
8582
8410
8101
9974
501
8484
2562
1616
1354
701
1953
3028
7219
1974
7150
2227
6671
6081
2062
7226
8179
8098
7304
4461
7035
4667
5848
477
7683
4794
626
9227
890
2971
1108
746
3607
3293
2380
4346
3542
7690
8171
7474
1948
6843
324
6396
3265
5841
6344
7210
4257
354
3074
3366
5846
9505
4669
3568
8760
3931
9156
9536
7574
9879
7081
4895
7473
9663
6825
7507
1085
2547
4002
9531
7919
654
1199
6465
5655
9286
4945
2184
179
2932
4201
5024
5060
2998
7349
5838
9799
1566
3532
5423
1268
1119
8799
6155
9188
2260
2554
3400
1306
4319
5077
9498
9370
8433
5990
3043
1514
2951
2363
8760
5177
2713
8728
961
5977
9832
6174
9819
7236
1484
9211
8472
9276
8503
1023
8643
5186
3189
8348
6977
1157
6561
3475
3237
4276
6747
4184
7515
1394
737
5154
2583
5872
5117
6708
3183
8023
349
2854
4213
2943
1241
1645
9203
6101
4229
3015
1787
4599
8967
7092
5750
1784
4352
8582
9201
559
2959
5941
7226
6990
9831
1403
1493
5847
6307
9421
7888
9637
7641
1374
5060
563
5227
8794
4723
1103
3102
1340
1948
9454
2005
1663
3212
1868
6523
6293
7198
9826
1347
5153
8098
925
9283
2961
5120
4675
264
2630
3646
6418
1155
1083
9781
1516
6195
5291
4463
7574
2328
5869
5661
5729
2713
1759
3661
4357
7974
21
2326
4476
1216
6377
4310
6595
8512
8653
5709
590
2928
8879
7222
1302
5253
6136
373
399
4217
6808
5284
9400
7158
2837
4140
2758
4306
6795
1730
597
3535
9052
4745
7482
3396
6486
7319
2821
3029
5698
6652
6676
6469
7738
9224
5666
6138
9018
4633
8865
8999
6762
335
488
2488
5199
9444
5872
4036
1132
568
3487
5327
9829
5921
2758
193
7617
8842
6992
3853
2878
2760
6739
6023
6541
312
6176
7747
1175
788
1599
6806
724
5839
8460
4934
3688
7114
2857
8167
1923
6061
5970
3243
6980
4698
2805
7294
5012
9491
1862
5457
5143
7697
1264
2370
718
5847
3678
8667
926
9782
2850
6559
4020
2147
1168
5590
2228
6005
1160
7638
9848
6943
2610
5576
967
1440
2865
6010
7718
6098
9517
1497
2220
7062
3753
6595
3830
236
8744
7175
4547
3424
5958
8850
902
8274
2934
5456
713
956
7621
9017
3585
4373
2447
9666
2660
7779
5865
5412
7566
5256
2224
4336
4293
2580
21
811
8123
7214
5388
1985
1015
3537
9563
3085
3600
7373
5999
3379
3300
7521
4199
7752
6471
6181
3884
5757
8654
7466
3594
7549
4812
9949
7529
6985
7731
4036
366
8701
5638
3189
8183
8400
2766
9295
6427
6527
7490
7875
5324
7521
5954
3343
3017
4629
9841
5538
6358
4868
5870
2949
3729
9843
7528
3799
9248
8390
2536
9568
3984
8086
7944
4954
6647
4719
8016
9467
4570
801
9807
4589
9384
8360
4660
7155
322
5030
4993
7921
7039
605
3816
5023
673
5811
8568
5219
2493
2242
2646
509
387
2304
1529
3804
2339
9727
1827
518
7813
2461
8063
1994
8709
9481
1014
2907
4820
7490
5963
2844
4880
5322
3149
7996
2637
1370
9838
1487
7481
5458
1135
9717
3959
3213
2488
4267
5968
2379
3385
9606
5733
7429
985
7668
2018
217
6099
2224
3645
2141
6947
7473
1164
8675
7706
3866
6904
9693
3757
7736
442
9441
7403
2266
7678
7133
947
2935
2083
7408
5806
1366
8227
2356
2484
1223
6348
7038
4830
1772
2030
62
2526
5908
612
3315
6815
5861
5576
9255
5671
6313
5013
2206
5890
278
280
3465
3901
7736
8696
9987
444
5737
1342
1619
8993
3796
4159
9041
5081
9622
7378
8835
9954
491
3518
8815
9773
3888
4087
6644
6014
1850
3274
3182
8400
1588
8813
8359
2339
6250
1155
290
2384
2850
1434
7078
9882
5268
9384
7128
405
6011
2805
4834
8480
2701
3737
2329
3915
6159
728
965
4251
4557
7531
7321
1259
5441
2482
8028
1282
9191
6029
8201
4145
6323
2450
7716
5512
7615
9888
6554
100
4925
6765
955
7510
146
6044
4399
1481
6546
3853
1960
4078
5170
929
2354
1600
5367
6145
6776
1203
4394
5564
526
6804
9646
4232
2226
4497
7261
341
5783
1462
5204
4922
4546
9427
2290
9943
2010
7660
5939
4151
9547
8400
2517
175
8165
4243
782
79
7963
8236
1301
4379
4825
809
7283
8659
7739
1729
5501
7569
4203
5398
946
5729
9946
1906
7879
5636
95
3138
4941
6479
9914
4183
5028
314
4530
5284
3424
7085
5253
2412
4495
5170
2356
1599
9418
5701
9824
6532
358
8399
3669
7578
8793
3554
2005
7703
636
9002
5729
9948
1446
316
4930
441
813
3158
3125
3773
3330
658
9342
2134
9596
4286
3928
7600
5889
5891
5441
1092
2766
561
8896
1463
2889
313
7037
4469
4628
7505
2283
2895
8270
3137
6664
3808
6746
5687
4582
5569
2113
6965
2018
7687
7322
2112
2147
3077
2799
3004
582
2332
5041
3953
6784
8227
8869
8543
7791
8227
