9283
5405
9236
6042
2037
145
8312
7906
9211
6284
5450
4733
3645
9795
9663
2897
9098
8196
8563
218
8540
7406
6580
8608
1980
216
6941
1786
3172
4290
1807
3836
1942
9164
8639
4932
693
4711
5998
1351
9102
6229
3150
3814
4201
2502
1724
5556
9818
1175
2855
5213
4053
8776
3743
5956
1234
6884
5753
8440
5776
3636
4730
6333
4300
3050
1294
935
6874
1879
8826
6847
57
3218
3933
2851
9456
3573
8831
1337
9679
3285
6185
1317
9394
5146
469
540
7613
565
1513
8514
1081
9461
7529
3133
4772
477
3792
8927
7622
5701
1885
6854
8857
8626
863
4984
5740
8685
6166
4194
7498
8219
7498
3643
2905
5025
6168
4082
7887
6298
28
4136
6693
3217
553
3851
5944
9167
2808
4054
9949
8776
3438
5207
1597
9269
5337
5262
3159
1066
2776
8598
6176
4955
6048
7198
4266
8860
4879
7283
6941
4457
9206
5416
2637
3082
2588
1088
2597
8457
9765
2531
2541
6320
8385
3267
8740
480
5723
2165
5055
2170
6638
9040
6684
2634
5478
7136
802
9317
4813
5435
1827
1610
2137
8191
9900
2934
9668
7880
3284
1701
6309
678
6122
8960
1686
9393
4128
7727
3414
6030
1090
7627
4250
3243
2156
7936
7567
1015
982
9542
7346
1067
812
6632
2635
8414
1421
1483
146
340
8837
2107
1364
1772
5646
1718
6678
1912
9931
5614
9051
7347
2074
5941
6952
2694
3348
7017
6160
9130
113
9483
8877
4576
795
6036
9686
8660
6724
6519
3819
8723
5528
4218
6110
8025
2305
6795
5102
7556
9813
9163
931
3105
7790
5048
1996
1900
2457
8131
2709
8766
4960
6518
1256
2538
8195
8088
9454
9725
4099
3214
4055
2885
573
5027
8051
4741
4831
938
3028
4295
7382
7917
3960
3654
3576
9057
4142
822
5399
8200
3136
1764
5845
1506
4116
4644
422
4110
9179
7703
2417
957
6081
9776
9889
6581
7213
5991
2807
7426
4046
2830
9689
1251
3438
8724
4362
4878
5779
9990
8330
3565
3707
2112
577
7303
2270
7334
6809
906
1238
3074
6865
8063
3716
4323
9169
1750
4533
7800
4450
7076
9152
876
4290
7089
7847
2139
8033
6332
1612
2496
6102
541
5742
1026
9619
6905
1197
2198
5711
6183
8459
6887
763
441
2840
371
5311
4676
5565
2153
6096
8218
9864
7718
7367
7750
3773
1550
1800
627
4648
5090
3773
1711
9084
4134
9784
5274
5520
7486
6186
9928
9875
2396
4385
7647
3606
816
9873
8662
4013
4791
842
5593
2424
2112
1374
1827
1826
1146
9181
7558
193
9141
1081
3164
9358
790
5465
6134
6094
1574
3002
6485
908
3892
5133
7380
1794
6503
251
1148
4847
520
3685
9668
3848
6559
9290
7874
8897
9016
8951
7840
379
205
1778
4204
2783
224
3768
2851
457
2934
4118
5161
586
4828
4148
8857
9889
9058
5175
146
590
5521
3885
6071
3078
5446
8823
3510
8168
4890
2123
7549
3134
5671
9759
9042
9655
3498
9429
9179
7374
1057
594
5018
8230
7588
8906
3505
7621
9154
4428
2820
6573
3983
9653
5404
2310
1893
7179
292
7504
7744
1984
2802
8114
9525
8091
3999
4305
8838
9606
1873
1713
7603
6921
3088
3818
4146
3947
6006
1869
8332
8221
6378
3287
2138
4160
6790
424
8913
4891
3857
8707
4079
425
4784
9173
3665
3221
9500
5122
4042
6605
1450
7211
5302
3848
8647
9990
903
8151
1300
1581
1364
9289
6890
100
7612
2707
7441
3209
8220
411
5104
1199
6869
5421
722
6362
9173
8959
9177
4166
6463
810
1661
1232
6847
2969
7688
2130
8061
7131
9947
4713
316
8632
4236
665
9121
7403
5171
1734
247
7407
4390
6735
2094
4852
8423
5484
4622
6764
1668
952
7741
8815
3305
2858
3094
1903
6833
6015
2401
1908
8418
4049
3934
6837
5204
4492
3523
2650
4489
9225
6744
3854
9685
988
4051
3745
329
5441
925
7554
7172
8672
7562
454
1321
7915
6464
4444
883
4567
2256
208
1212
3430
2297
186
9970
1855
1037
1669
8057
172
843
7685
3529
4190
8823
8090
5847
6056
6095
4508
6664
5408
2231
60
725
1079
7772
9852
4948
902
6299
8268
5274
7888
1232
7646
2503
4853
9290
70
8385
9230
1507
3582
2588
7753
3363
3203
6182
8545
9236
6392
6669
4695
4558
7931
2548
9767
8928
6085
9536
1161
1670
1576
5232
7702
9953
584
4348
3530
6033
1863
2266
1455
3455
1755
7758
7906
962
5362
8120
6128
7978
1222
201
7191
8507
2883
3282
8053
5793
4127
799
3090
3350
9899
1341
3026
1395
1445
1309
4535
1661
6178
3454
7945
4373
9427
2577
4231
2970
311
7857
8811
7032
2161
9227
6321
6766
30
8535
896
7970
2628
651
7444
9662
4244
7148
2934
9350
6813
144
5232
2641
2868
3977
9022
2651
3049
8993
7633
2226
7819
8194
36
1007
9011
7012
4022
2546
2599
9831
409
6748
4012
201
1606
6313
9706
8395
8514
1620
4712
6096
6913
7845
4154
8387
9937
3488
1187
5070
8907
8397
2910
3861
7743
3315
7954
3893
6392
1968
4286
2869
3278
9476
4778
5556
8784
9484
2484
6245
1141
834
8014
8637
5925
3447
6157
5846
1413
8199
9624
7330
562
5
3588
7295
8420
2708
2845
290
639
6076
4134
3113
860
8721
8969
8017
681
2097
4996
7442
3648
9780
4987
6294
4124
8657
892
5499
3597
5979
5656
2413
4030
1363
8723
982
6823
6552
4989
5505
9400
116
6562
7191
4723
2354
2775
5371
8073
5820
5566
5160
2197
5480
8121
3021
4727
9320
800
1101
1182
8539
3371
6893
7944
2229
4951
8260
1377
2898
3654
3888
4784
6175
7754
7503
9013
4459
3884
625
8037
761
2549
171
2109
8885
3998
8438
4972
6057
7744
1861
8787
8121
1995
6323
7050
1067
8801
6482
8635
3478
8235
5448
3047
324
2024
9511
5340
1278
1161
3830
509
3644
5975
6695
3832
5391
1649
9344
9248
5916
5371
9
3025
5351
