8872
5663
4468
6569
2096
5487
2859
8752
9103
1216
8207
1348
7633
3991
5769
7522
9325
9599
8799
4222
9500
6328
6914
9368
9898
7347
8951
8773
8596
7749
4960
7592
4727
1410
1189
5622
9962
4090
1191
9132
5924
7224
9887
716
4177
6158
7301
9896
3262
8406
238
8219
7279
666
9200
6095
2090
9426
6193
7432
6513
2473
6625
2490
9668
82
2416
341
9613
1231
3219
8568
5896
4601
2973
9978
200
6341
5867
5600
7721
9645
2760
6503
3712
6042
6222
7407
3206
7688
3513
8713
3857
694
8895
9882
1419
4380
5943
2038
9658
9547
5473
1730
2461
2279
6361
8891
2275
1566
329
660
6499
1948
13
3825
2069
482
5079
3085
5650
334
6395
3642
2257
478
786
32
9445
8838
2173
4563
5180
5432
8410
2361
2754
9685
4045
7285
1591
8547
4211
966
8500
377
9056
603
4673
4333
9442
6683
3990
3786
9786
1188
8320
1926
3094
6969
8090
4212
506
2378
4901
1956
2377
236
8084
6965
2709
1091
1092
6261
7486
468
7378
3604
279
4335
8192
2465
4659
9829
8710
3584
4327
1566
7716
2432
362
3636
384
8997
4209
6027
306
4275
3066
4895
9280
5906
8670
8750
5999
1050
3818
6066
4772
8338
4026
1689
8586
6189
8171
2306
8709
5167
9997
4458
7424
6150
90
1010
1114
3084
8872
1610
5026
7090
2328
5659
6488
6160
8816
5692
8401
5357
450
7748
1400
6659
7487
1560
4898
7939
204
1511
8419
5537
9456
3157
428
4174
8885
2917
4658
4509
6927
2318
3271
9971
6191
746
102
4665
4519
2941
2214
224
5860
4362
9750
1
6824
6517
3497
1977
6858
5551
5623
9519
7717
2434
946
9411
8201
5466
304
789
990
6921
4772
714
4945
7437
5119
7457
7126
9318
4378
8392
1287
5794
2566
4751
1740
1632
9764
9486
391
5154
6662
6298
693
9972
5301
9442
1526
7668
1614
199
3602
1603
7411
3628
1861
7127
4197
4856
1046
3193
7919
4378
4124
670
6950
6735
8548
4270
1394
2457
4539
3129
4688
4247
2539
4110
6330
6121
4666
5932
6676
8943
2814
9527
3934
2235
4442
6601
3727
7670
4726
8653
7799
8863
5459
9119
8289
9506
5425
4697
650
1266
6400
6748
8472
3474
678
6878
472
1073
2643
8984
2955
7206
3556
1898
858
8025
6403
3080
2947
6704
6118
8246
3589
5987
789
1140
5195
3054
5780
3873
9244
4794
4746
1537
8407
9812
1816
5532
5844
9476
7225
9675
8108
2166
6352
8984
36
3208
4971
9823
5407
9655
3008
2360
3411
4295
1590
6101
9122
6137
9627
3094
5554
9412
8009
5200
1830
907
3929
6808
8067
6011
660
8397
4652
3887
2126
860
7723
5409
6452
6814
2076
6692
9038
769
5509
3531
2346
5671
549
1801
4098
1590
5215
1920
120
4648
7227
4242
1900
6056
9711
3118
3898
7695
2122
7217
3335
5052
2939
6086
401
696
2763
3387
9763
4428
8177
6794
8389
8851
9184
2537
6606
2717
4760
2283
9424
474
3654
8704
6813
2522
1371
4629
9366
2037
1367
7683
9514
92
9820
6789
5645
1075
4642
2534
552
6568
2168
8687
7849
353
3511
5861
2171
5422
6304
5266
302
2392
7858
4381
6723
2061
2311
5998
9302
2786
7464
4304
1640
8952
3860
3596
4399
7225
8630
108
1771
1301
518
2292
5721
7988
1948
4908
673
3272
5456
4990
2462
674
7211
5116
1152
2334
5749
2068
406
5974
8738
9112
2544
6817
3759
9047
9232
1989
3725
6637
1697
8786
3566
286
1247
9922
2211
5828
4963
9793
6865
7974
6752
3118
8845
5193
9632
4544
1762
2269
4825
9349
2685
1418
3304
6996
6110
606
1209
9995
4346
2895
1947
173
8102
2099
9996
344
1884
5476
3166
8666
5855
848
7955
692
3949
6444
9675
2754
9112
6456
6539
530
5831
5129
5388
5139
8193
398
8677
3972
8360
4190
4856
9389
7774
969
5906
7390
3193
1777
7187
8916
6410
2631
6566
8478
457
7574
3963
9748
5393
2464
642
1380
8369
8063
1299
7221
9406
529
482
8176
8993
1142
3831
9799
8375
6672
346
7712
1342
8495
6295
8143
9075
9278
7879
4603
436
8751
9121
835
2550
927
4436
6354
1271
115
9415
4916
4673
3489
3860
6364
7905
2018
8910
832
2970
4356
4660
5321
4101
5352
8676
9351
8241
9698
6514
4651
427
7843
2392
919
7452
3302
7425
6518
6715
649
2551
8158
6226
7442
316
9313
3204
783
8146
9764
1847
7622
927
9510
6802
5330
9584
2397
9381
4638
8150
8349
8067
4906
1291
7464
1226
3348
4975
8679
2473
842
2892
3995
1753
9213
4343
6624
1018
9627
254
4923
4098
1442
9618
6627
8388
5112
6643
5608
8120
9041
2502
3723
8181
8545
7128
4209
708
4529
7945
7373
9237
8969
9043
9136
3624
4214
3116
7646
7400
2443
9194
3362
539
7164
5285
1894
5019
2156
9096
2193
2486
383
7631
2491
655
6845
6755
1553
4431
8314
6205
5450
3940
1779
4814
6751
6546
1658
6672
8251
6131
962
7087
9802
9736
7544
8919
9384
6027
9096
9341
59
8047
623
4527
998
7139
7098
5674
1675
1215
9318
7203
9176
5530
1327
572
1986
8196
2955
7507
9132
9392
7592
8826
8757
1000
2182
5412
4513
8667
2633
2567
2403
3632
66
6025
1519
7947
3852
5050
461
8999
1987
4523
1753
9498
2644
6670
2175
7766
3862
3444
185
2071
9968
973
6551
9508
1985
7587
6312
9241
4357
708
9015
2252
1539
7635
5258
4367
6085
3022
7824
729
8400
5243
299
9136
2139
3630
6254
1376
4965
6466
4098
1677
8831
9986
3718
5055
5306
4371
5807
2808
9107
3333
4340
2907
7566
9254
1404
7710
7662
5417
240
1521
5159
3377
7834
6047
4219
9409
7420
1117
75
7392
7517
9102
7293
9474
8417
8944
6685
1016
6756
5991
6605
4751
1472
7453
4593
5932
7373
8679
389
2534
9748
2746
2373
2271
5745
7817
5508
543
8941
2170
3615
2926
8898
