6
10
16
19
22
27
32
45
50
58
60
67
84
92
93
94
101
109
114
139
143
151
164
168
180
203
225
225
234
246
256
257
263
268
281
290
293
298
307
308
316
318
319
336
346
346
363
385
395
411
413
422
427
441
483
489
495
503
507
511
515
536
537
541
555
559
560
575
577
592
595
614
617
618
635
651
664
665
666
669
671
678
682
689
702
709
710
733
738
752
763
780
780
780
791
824
828
840
848
875
876
885
911
923
956
964
983
985
987
995
1056
1077
1080
1082
1154
1156
1158
1158
1161
1175
1192
1207
1208
1211
1217
1221
1222
1301
1301
1314
1325
1346
1356
1387
1388
1421
1429
1433
1434
1435
1439
1445
1445
1450
1451
1455
1487
1496
1511
1528
1582
1586
1593
1628
1631
1635
1639
1640
1642
1644
1652
1668
1676
1679
1680
1680
1706
1712
1714
1723
1730
1748
1752
1757
1766
1809
1813
1816
1817
1826
1827
1837
1838
1844
1846
1847
1856
1859
1862
1869
1877
1905
1908
1915
1925
1934
1935
1943
1944
1954
1967
1972
1978
2050
2112
2116
2123
2125
2127
2139
2145
2172
2184
2184
2198
2202
2205
2236
2262
2269
2283
2303
2313
2316
2331
2359
2370
2372
2372
2378
2390
2402
2408
2433
2434
2437
2459
2459
2466
2469
2475
2488
2489
2491
2498
2502
2505
2505
2510
2515
2517
2519
2520
2525
2526
2529
2539
2542
2571
2582
2587
2628
2630
2646
2647
2648
2659
2666
2671
2690
2695
2698
2725
2727
2729
2738
2748
2750
2760
2763
2777
2784
2787
2792
2800
2823
2832
2836
2849
2862
2871
2873
2876
2878
2882
2891
2893
2902
2920
2927
2935
2958
2964
2965
2985
3005
3007
3017
3017
3019
3020
3021
3023
3026
3051
3091
3092
3102
3104
3130
3156
3156
3159
3191
3197
3223
3228
3235
3238
3256
3258
3259
3265
3269
3272
3276
3289
3291
3292
3294
3297
3317
3320
3354
3357
3375
3394
3399
3424
3430
3440
3443
3470
3484
3491
3496
3502
3514
3531
3540
3543
3547
3558
3568
3596
3600
3607
3634
3635
3654
3680
3694
3697
3703
3704
3707
3714
3715
3725
3729
3733
3736
3738
3751
3752
3774
3784
3795
3820
3824
3825
3834
3845
3863
3863
3871
3871
3871
3881
3908
3916
3938
3939
3940
3941
3952
3978
4000
4003
4060
4066
4077
4083
4114
4119
4132
4137
4164
4166
4176
4182
4193
4194
4196
4218
4239
4241
4260
4267
4273
4278
4293
4309
4315
4333
4339
4352
4405
4410
4419
4430
4457
4470
4476
4491
4514
4519
4556
4559
4572
4581
4583
4636
4648
4653
4664
4680
4683
4696
4778
4781
4787
4788
4791
4792
4803
4820
4822
4826
4832
4839
4846
4853
4868
4874
4885
4891
4893
4906
4910
4912
4916
4924
4928
4933
4935
4969
4992
4996
5003
5020
5038
5061
5065
5079
5093
5122
5127
5129
5136
5144
5162
5172
5184
5188
5192
5193
5194
5197
5197
5207
5211
5237
5263
5267
5274
5279
5309
5310
5323
5330
5349
5356
5357
5365
5374
5388
5390
5438
5445
5462
5483
5499
5522
5523
5523
5525
5535
5548
5553
5564
5566
5571
5594
5601
5602
5612
5614
5621
5631
5642
5648
5660
5661
5671
5690
5698
5713
5722
5723
5757
5772
5790
5801
5804
5809
5813
5820
5825
5854
5862
5872
5875
5886
5895
5903
5920
5927
5963
5966
5973
5979
5988
6003
6010
6011
6058
6064
6070
6079
6086
6095
6098
6101
6104
6109
6125
6154
6161
6170
6181
6187
6211
6220
6224
6237
6253
6277
6301
6313
6327
6348
6357
6358
6362
6385
6388
6389
6398
6432
6434
6443
6451
6452
6453
6454
6454
6465
6499
6511
6514
6515
6517
6522
6525
6526
6527
6540
6543
6580
6593
6594
6615
6617
6629
6651
6658
6666
6697
6698
6707
6725
6727
6728
6735
6740
6741
6745
6749
6754
6768
6771
6775
6777
6779
6788
6794
6795
6797
6799
6800
6801
6816
6819
6819
6825
6835
6840
6847
6853
6860
6872
6877
6877
6891
6894
6912
6913
6916
6922
6934
6944
6953
6955
6959
6960
6962
6962
6963
6967
6967
6995
7023
7037
7056
7073
7078
7084
7087
7093
7102
7108
7111
7115
7116
7124
7146
7163
7168
7195
7196
7212
7219
7229
7231
7255
7260
7264
7286
7313
7314
7314
7331
7332
7338
7341
7345
7357
7364
7401
7412
7416
7422
7424
7443
7447
7448
7449
7475
7478
7481
7502
7502
7508
7514
7537
7538
7545
7548
7565
7575
7581
7593
7604
7607
7608
7614
7624
7634
7636
7665
7677
7684
7691
7692
7718
7719
7730
7736
7741
7746
7748
7754
7759
7764
7766
7775
7791
7802
7817
7819
7839
7845
7854
7861
7912
7917
7936
7955
7956
7966
7979
7981
8012
8015
8041
8042
8062
8081
8087
8096
8099
8122
8139
8142
8158
8159
8180
8184
8200
8206
8210
8228
8241
8244
8269
8271
8280
8280
8300
8302
8312
8313
8323
8334
8358
8366
8400
8422
8433
8440
8452
8456
8456
8462
8478
8484
8493
8495
8505
8506
8534
8544
8557
8563
8583
8595
8600
8618
8629
8636
8659
8672
8677
8688
8708
8721
8727
8732
8740
8743
8748
8767
8775
8780
8800
8803
8804
8813
8825
8843
8846
8850
8857
8858
8860
8861
8875
8910
8933
8941
8945
8954
8955
8958
8973
8986
8994
8998
9003
9004
9012
9013
9014
9029
9033
9048
9051
9066
9070
9072
9079
9089
9089
9096
9100
9101
9103
9105
9106
9106
9109
9114
9128
9137
9155
9167
9172
9185
9191
9209
9213
9219
9244
9262
9266
9269
9271
9294
9311
9316
9317
9339
9362
9368
9380
9384
9396
9405
9406
9414
9418
9426
9429
9443
9462
9470
9476
9486
9516
9525
9543
9549
9551
9552
9562
9570
9572
9585
9622
9639
9655
9669
9680
9697
9708
9747
9753
9759
9802
9808
9810
9832
9849
9851
9872
9898
9898
9915
9920
9921
9933
9935
9935
9963
9969
9972
9987
9992
9997
