16
31
51
70
82
126
147
164
168
168
180
182
185
200
204
209
213
216
218
228
230
231
241
243
271
272
290
291
309
314
317
322
329
334
343
348
351
362
365
384
388
397
407
414
422
427
427
448
458
462
480
481
489
494
498
519
524
558
560
561
569
587
598
614
621
672
672
700
702
707
723
737
738
742
744
763
764
766
780
780
781
782
794
813
822
823
825
828
830
840
849
851
865
868
876
901
950
961
977
989
1002
1002
1036
1063
1084
1092
1100
1132
1136
1152
1165
1167
1183
1189
1197
1218
1221
1232
1234
1238
1245
1255
1266
1273
1293
1293
1298
1300
1303
1306
1320
1335
1344
1348
1356
1362
1390
1399
1399
1415
1464
1470
1498
1512
1518
1519
1521
1525
1525
1530
1550
1559
1560
1571
1588
1592
1613
1620
1629
1649
1659
1681
1683
1700
1708
1718
1734
1751
1770
1775
1785
1788
1790
1792
1803
1804
1832
1837
1838
1855
1862
1866
1886
1890
1901
1907
1917
1918
1934
1945
1952
1961
1964
1969
1984
1994
1999
2012
2014
2022
2022
2023
2035
2038
2039
2055
2067
2074
2081
2082
2088
2090
2093
2094
2113
2134
2142
2147
2150
2199
2202
2208
2219
2236
2237
2250
2281
2281
2292
2316
2319
2322
2330
2334
2334
2355
2361
2372
2384
2403
2415
2429
2435
2447
2466
2473
2479
2499
2501
2502
2518
2518
2534
2565
2574
2584
2589
2590
2591
2617
2626
2634
2647
2672
2677
2685
2685
2689
2741
2745
2748
2750
2788
2794
2798
2801
2829
2835
2862
2886
2895
2897
2899
2921
2932
2933
2945
2949
2965
2971
2974
2993
2999
3015
3016
3019
3025
3028
3033
3035
3040
3068
3097
3107
3142
3143
3165
3195
3199
3241
3251
3252
3259
3273
3276
3281
3285
3290
3301
3313
3324
3336
3340
3343
3344
3367
3389
3392
3422
3423
3439
3440
3459
3463
3473
3482
3487
3502
3508
3510
3515
3534
3540
3547
3562
3594
3663
3689
3694
3719
3732
3734
3739
3766
3770
3796
3803
3804
3836
3836
3837
3837
3865
3865
3867
3878
3880
3880
3881
3884
3889
3898
3906
3916
3917
3928
3937
3938
3945
3949
3949
3958
3960
3962
3967
3972
3993
4022
4037
4042
4052
4058
4071
4077
4085
4115
4171
4173
4181
4213
4221
4234
4250
4257
4261
4267
4267
4268
4275
4284
4287
4290
4313
4318
4340
4340
4341
4351
4355
4371
4381
4387
4393
4425
4425
4448
4457
4459
4462
4498
4498
4505
4506
4520
4532
4546
4552
4553
4560
4565
4572
4573
4587
4591
4592
4597
4611
4612
4631
4639
4659
4665
4681
4683
4689
4693
4698
4700
4717
4721
4732
4739
4747
4748
4755
4771
4772
4792
4800
4803
4810
4816
4822
4827
4848
4850
4892
4899
4901
4906
4913
4915
4916
4926
4938
4945
4957
4958
4966
5004
5014
5034
5037
5053
5061
5066
5085
5095
5100
5102
5124
5150
5159
5178
5185
5214
5218
5238
5240
5248
5258
5260
5290
5308
5312
5321
5329
5342
5361
5362
5415
5415
5420
5445
5456
5470
5485
5485
5488
5499
5513
5521
5528
5556
5556
5557
5567
5567
5589
5599
5605
5609
5616
5622
5624
5627
5636
5652
5673
5686
5686
5700
5715
5717
5726
5729
5734
5741
5745
5751
5781
5793
5801
5802
5816
5829
5839
5844
5847
5848
5881
5883
5914
5916
5935
5936
5938
5944
5946
5966
5994
6001
6012
6014
6034
6042
6043
6065
6066
6077
6079
6080
6085
6102
6125
6127
6139
6148
6179
6199
6210
6217
6223
6225
6261
6270
6270
6289
6293
6299
6305
6306
6314
6317
6325
6341
6345
6346
6356
6367
6369
6372
6376
6395
6401
6402
6406
6411
6428
6444
6450
6458
6472
6472
6474
6506
6520
6523
6540
6553
6575
6589
6608
6638
6643
6654
6687
6690
6699
6723
6734
6735
6742
6743
6745
6759
6784
6800
6811
6813
6813
6821
6825
6832
6839
6843
6885
6894
6894
6934
6944
6953
6965
7002
7007
7017
7024
7037
7046
7052
7057
7072
7077
7083
7100
7102
7105
7108
7112
7114
7131
7135
7159
7161
7173
7188
7191
7202
7207
7208
7218
7220
7221
7251
7259
7271
7273
7274
7295
7309
7311
7316
7325
7329
7343
7352
7359
7375
7396
7401
7430
7438
7457
7457
7472
7473
7473
7474
7481
7519
7554
7591
7603
7627
7642
7653
7687
7705
7717
7720
7726
7746
7749
7751
7763
7767
7785
7788
7789
7789
7804
7814
7816
7818
7820
7825
7845
7846
7847
7860
7865
7865
7866
7866
7870
7882
7886
7903
7905
7907
7908
7920
7937
7939
7959
7982
7991
8002
8012
8021
8022
8030
8031
8033
8042
8044
8069
8083
8090
8110
8112
8115
8126
8127
8138
8159
8166
8190
8195
8209
8221
8227
8244
8279
8286
8296
8299
8314
8316
8322
8322
8328
8330
8340
8358
8363
8364
8366
8367
8386
8400
8405
8427
8429
8435
8448
8455
8469
8470
8480
8486
8502
8505
8522
8547
8555
8576
8582
8594
8621
8639
8646
8652
8660
8682
8687
8689
8696
8702
8725
8735
8744
8749
8758
8773
8811
8833
8840
8840
8853
8865
8879
8883
8900
8911
8911
8915
8928
8932
8952
8974
8979
8987
8988
8998
9001
9005
9013
9020
9022
9027
9039
9050
9051
9067
9069
9078
9083
9109
9114
9114
9130
9156
9163
9178
9182
9183
9187
9202
9204
9220
9229
9233
9236
9246
9249
9249
9266
9267
9270
9272
9277
9281
9281
9283
9285
9288
9314
9322
9323
9338
9349
9350
9361
9366
9369
9411
9420
9449
9464
9473
9473
9479
9479
9484
9488
9494
9498
9529
9531
9532
9542
9543
9544
9563
9599
9599
9603
9605
9605
9608
9616
9624
9633
9636
9648
9656
9658
9660
9669
9671
9674
9678
9691
9717
9718
9744
9750
9755
9764
9767
9772
9776
9786
9789
9793
9817
9817
9819
9825
9844
9853
9859
9862
9866
9869
9873
9881
9890
9896
9900
9901
9910
9913
9928
9944
9959
9963
9975
9977
