22
23
24
26
54
61
76
98
104
128
130
152
172
222
227
257
267
314
338
341
342
369
378
379
390
394
395
450
458
459
459
464
469
481
484
485
489
498
521
526
527
552
556
575
609
619
620
623
645
648
655
662
683
686
692
713
721
745
752
761
765
766
790
792
801
809
829
834
847
847
852
854
862
871
933
941
945
983
986
996
1005
1015
1028
1034
1051
1065
1090
1112
1119
1123
1143
1147
1150
1151
1186
1188
1189
1198
1201
1203
1211
1216
1220
1233
1235
1262
1273
1292
1294
1295
1304
1306
1324
1331
1332
1336
1340
1340
1350
1357
1366
1384
1393
1416
1420
1423
1434
1435
1436
1438
1448
1452
1469
1475
1481
1500
1501
1504
1506
1506
1545
1552
1565
1571
1577
1601
1615
1618
1625
1629
1629
1641
1643
1650
1663
1669
1693
1695
1760
1770
1781
1788
1802
1805
1814
1817
1818
1819
1827
1834
1842
1844
1879
1881
1899
1931
1940
1941
1946
1952
1964
1975
1975
1980
1985
2013
2020
2035
2037
2039
2056
2059
2068
2079
2085
2113
2118
2122
2123
2132
2138
2143
2146
2152
2153
2179
2186
2186
2199
2202
2213
2217
2246
2253
2270
2271
2282
2290
2292
2300
2348
2364
2366
2371
2372
2378
2385
2393
2398
2399
2401
2414
2428
2434
2435
2438
2440
2440
2442
2451
2470
2471
2480
2494
2499
2529
2546
2548
2555
2566
2583
2592
2600
2620
2620
2623
2637
2637
2640
2650
2655
2663
2682
2686
2690
2696
2699
2711
2711
2719
2723
2724
2733
2738
2754
2760
2777
2786
2809
2843
2854
2895
2898
2900
2910
2930
2934
2936
2954
2970
2971
2984
3001
3008
3020
3036
3037
3071
3072
3072
3087
3087
3121
3122
3137
3137
3140
3143
3143
3165
3187
3205
3207
3228
3230
3238
3240
3255
3263
3265
3267
3272
3281
3285
3286
3295
3303
3328
3368
3371
3397
3405
3408
3423
3425
3428
3429
3447
3449
3456
3471
3490
3491
3495
3503
3506
3508
3546
3556
3592
3645
3648
3677
3679
3683
3691
3711
3727
3731
3736
3766
3769
3785
3805
3821
3830
3836
3837
3840
3841
3843
3858
3866
3867
3867
3876
3885
3887
3896
3910
3917
3927
3929
3936
3939
3960
3962
3990
3998
4004
4006
4009
4019
4028
4029
4035
4058
4071
4087
4098
4099
4121
4157
4167
4179
4202
4207
4214
4216
4230
4239
4245
4252
4257
4261
4268
4271
4294
4302
4325
4326
4337
4339
4351
4392
4394
4423
4428
4429
4431
4431
4435
4459
4459
4474
4474
4476
4498
4519
4529
4529
4539
4551
4552
4560
4565
4565
4565
4565
4580
4582
4584
4603
4615
4615
4625
4625
4626
4648
4660
4664
4667
4678
4682
4708
4709
4713
4714
4726
4731
4738
4741
4761
4770
4796
4801
4802
4815
4825
4836
4842
4845
4847
4869
4893
4894
4908
4984
4991
4994
5013
5014
5016
5016
5019
5024
5037
5038
5052
5058
5075
5080
5085
5087
5096
5109
5126
5135
5142
5146
5147
5169
5169
5189
5215
5225
5248
5250
5252
5255
5258
5262
5265
5272
5302
5307
5311
5312
5334
5343
5362
5367
5372
5375
5408
5417
5423
5437
5438
5445
5449
5458
5466
5482
5501
5506
5516
5552
5553
5556
5570
5571
5571
5574
5584
5591
5619
5634
5673
5678
5687
5691
5692
5693
5694
5740
5740
5744
5745
5745
5747
5753
5771
5780
5794
5802
5810
5816
5824
5851
5857
5859
5863
5868
5885
5889
5902
5906
5917
5920
5929
5944
5944
5946
5951
5963
5980
5985
5992
6000
6005
6006
6065
6093
6111
6113
6120
6128
6129
6133
6136
6143
6161
6183
6189
6201
6225
6225
6237
6247
6257
6265
6272
6274
6292
6298
6313
6314
6319
6336
6357
6361
6366
6374
6380
6391
6396
6404
6405
6413
6414
6425
6437
6452
6458
6460
6463
6470
6473
6500
6504
6512
6516
6521
6546
6561
6562
6568
6573
6581
6605
6627
6630
6633
6643
6666
6681
6683
6689
6701
6702
6719
6733
6823
6831
6838
6855
6855
6856
6862
6862
6881
6901
6914
6920
6927
6928
6928
6932
6950
6965
6987
7001
7022
7052
7071
7079
7085
7089
7121
7132
7135
7141
7143
7151
7166
7175
7187
7215
7230
7257
7265
7273
7280
7284
7291
7299
7313
7314
7323
7333
7340
7344
7351
7366
7371
7384
7396
7415
7415
7428
7442
7443
7445
7455
7481
7488
7496
7516
7517
7537
7547
7547
7550
7563
7569
7572
7594
7602
7617
7626
7632
7642
7643
7660
7666
7669
7681
7682
7714
7738
7739
7786
7794
7796
7798
7819
7825
7825
7826
7828
7850
7858
7872
7884
7894
7919
7922
7955
7959
7980
7982
7989
7989
8017
8045
8046
8074
8092
8097
8098
8108
8113
8124
8135
8155
8174
8182
8204
8207
8214
8217
8242
8250
8250
8257
8261
8269
8270
8271
8272
8302
8316
8330
8335
8357
8384
8390
8405
8436
8437
8452
8461
8464
8464
8468
8468
8474
8480
8487
8493
8494
8496
8525
8531
8552
8553
8556
8562
8583
8589
8589
8601
8610
8615
8628
8630
8639
8643
8650
8652
8654
8670
8693
8695
8699
8708
8746
8746
8756
8770
8771
8771
8794
8795
8799
8805
8811
8828
8830
8831
8837
8838
8842
8842
8843
8847
8853
8870
8870
8886
8888
8889
8890
8892
8897
8899
8901
8908
8909
8934
8937
8941
8944
8950
8950
8954
8960
8972
8977
8983
8988
9021
9022
9023
9030
9063
9081
9084
9117
9151
9163
9166
9170
9176
9181
9186
9198
9206
9215
9224
9227
9259
9260
9265
9286
9286
9308
9318
9325
9337
9340
9350
9357
9365
9385
9385
9391
9393
9394
9394
9397
9414
9420
9422
9440
9457
9462
9466
9475
9479
9485
9496
9501
9504
9512
9512
9515
9519
9593
9596
9613
9619
9635
9648
9648
9654
9660
9670
9683
9687
9687
9721
9723
9726
9737
9737
9746
9759
9761
9791
9792
9811
9813
9842
9884
9891
9895
9901
9912
9920
9924
9938
9951
9952
9969
9972
9984
9987
9999
