0
4
12
16
16
17
30
38
51
58
65
93
99
101
136
143
155
155
180
187
190
195
200
244
260
264
269
273
275
292
301
305
309
346
347
368
378
385
395
403
409
411
414
422
423
425
452
458
470
472
498
509
513
545
547
559
564
565
588
590
607
616
629
644
651
655
695
695
728
733
734
736
742
767
769
778
784
788
795
801
809
813
824
845
853
862
862
871
873
875
888
912
918
937
938
938
952
960
987
989
1002
1015
1018
1031
1039
1040
1061
1072
1076
1094
1103
1109
1121
1121
1124
1124
1128
1132
1133
1140
1141
1142
1173
1195
1198
1224
1226
1245
1276
1280
1281
1287
1291
1303
1304
1305
1351
1366
1378
1384
1405
1423
1429
1455
1456
1463
1469
1475
1476
1493
1511
1526
1532
1537
1561
1578
1585
1595
1655
1676
1708
1710
1722
1724
1746
1748
1748
1764
1764
1767
1792
1794
1796
1818
1820
1838
1849
1854
1857
1859
1864
1874
1883
1887
1899
1901
1933
1980
2004
2016
2017
2034
2041
2060
2063
2064
2064
2093
2118
2125
2161
2162
2170
2180
2186
2192
2193
2199
2201
2233
2235
2241
2255
2258
2259
2306
2331
2337
2342
2348
2353
2358
2382
2386
2391
2392
2399
2416
2421
2436
2442
2453
2457
2458
2458
2459
2475
2477
2482
2494
2499
2499
2501
2503
2507
2520
2527
2530
2535
2553
2557
2564
2585
2597
2598
2604
2611
2611
2618
2633
2644
2644
2647
2677
2679
2682
2684
2713
2719
2722
2722
2751
2751
2762
2801
2806
2807
2815
2820
2821
2827
2827
2831
2847
2856
2863
2875
2895
2895
2902
2921
2922
2931
2948
2954
2958
2968
2979
2980
2984
3035
3057
3058
3072
3074
3108
3131
3140
3157
3158
3164
3173
3181
3184
3186
3188
3192
3195
3207
3246
3277
3287
3288
3296
3319
3357
3363
3372
3374
3374
3393
3415
3423
3433
3449
3456
3460
3462
3492
3497
3500
3505
3509
3512
3522
3531
3543
3552
3553
3564
3579
3582
3589
3607
3625
3629
3630
3634
3641
3642
3645
3660
3661
3664
3665
3687
3695
3724
3725
3729
3753
3762
3785
3788
3792
3799
3810
3818
3825
3827
3836
3860
3863
3872
3878
3879
3885
3892
3902
3918
3919
3927
3954
3954
3976
3981
3988
4000
4005
4007
4016
4042
4043
4047
4071
4080
4094
4098
4106
4114
4120
4121
4126
4135
4136
4137
4184
4189
4196
4202
4208
4223
4232
4252
4258
4260
4282
4313
4317
4328
4331
4332
4334
4338
4351
4377
4390
4392
4398
4408
4411
4424
4432
4432
4433
4445
4451
4465
4484
4486
4487
4488
4508
4509
4510
4529
4531
4538
4539
4543
4544
4544
4549
4553
4555
4555
4586
4604
4611
4616
4620
4623
4654
4665
4668
4670
4682
4684
4696
4705
4709
4725
4746
4749
4768
4770
4797
4798
4805
4805
4822
4824
4826
4838
4846
4864
4866
4867
4868
4872
4882
4910
4910
4949
4952
4981
4984
5025
5026
5027
5065
5072
5076
5077
5087
5097
5107
5127
5136
5140
5158
5163
5171
5177
5178
5220
5228
5228
5234
5237
5249
5251
5278
5280
5291
5365
5374
5376
5390
5396
5398
5400
5420
5428
5432
5433
5470
5480
5488
5489
5493
5495
5521
5525
5535
5541
5547
5551
5556
5576
5578
5578
5594
5609
5613
5621
5626
5632
5633
5642
5645
5648
5658
5661
5672
5674
5700
5702
5704
5712
5715
5718
5719
5725
5735
5744
5755
5762
5777
5785
5786
5796
5804
5812
5822
5837
5846
5857
5880
5882
5900
5931
5934
5961
5967
5967
5989
5990
5993
5993
6004
6028
6034
6075
6078
6085
6113
6139
6142
6147
6154
6157
6158
6163
6168
6168
6170
6186
6193
6205
6224
6242
6262
6278
6287
6291
6302
6304
6307
6328
6334
6334
6345
6364
6368
6382
6395
6405
6415
6418
6418
6447
6454
6494
6513
6515
6528
6529
6529
6539
6544
6548
6551
6553
6563
6579
6592
6592
6594
6602
6604
6630
6631
6648
6650
6671
6678
6686
6710
6715
6743
6744
6754
6774
6783
6800
6801
6801
6806
6821
6823
6829
6835
6849
6856
6865
6875
6877
6894
6937
6943
6958
6961
6963
6992
6993
6999
7001
7004
7008
7024
7035
7046
7061
7070
7071
7073
7076
7078
7093
7101
7115
7127
7139
7162
7165
7168
7173
7175
7178
7191
7194
7204
7217
7252
7267
7268
7282
7294
7309
7310
7332
7345
7367
7370
7379
7381
7390
7421
7437
7458
7462
7463
7477
7486
7487
7495
7499
7500
7526
7526
7531
7534
7542
7544
7548
7548
7551
7564
7568
7569
7569
7586
7595
7595
7599
7623
7625
7644
7647
7651
7667
7677
7699
7706
7711
7719
7721
7721
7735
7757
7771
7775
7777
7796
7820
7821
7828
7860
7873
7930
7936
7938
7962
7963
7967
7970
7977
7984
7999
8009
8014
8049
8051
8058
8070
8076
8082
8120
8130
8136
8139
8140
8143
8148
8177
8181
8202
8221
8234
8240
8250
8253
8270
8288
8290
8317
8326
8327
8358
8368
8384
8384
8397
8403
8408
8413
8432
8442
8442
8454
8466
8466
8477
8487
8490
8493
8509
8557
8557
8573
8589
8598
8602
8606
8609
8623
8626
8627
8629
8634
8636
8645
8670
8690
8705
8706
8720
8731
8739
8752
8797
8804
8809
8812
8845
8848
8852
8857
8867
8870
8883
8896
8908
8921
8951
8952
8964
8967
8969
8973
8975
9001
9007
9017
9018
9031
9035
9037
9046
9049
9051
9055
9059
9064
9082
9084
9095
9137
9138
9155
9157
9159
9160
9162
9196
9226
9228
9229
9229
9239
9245
9257
9262
9281
9286
9295
9302
9321
9323
9328
9334
9361
9369
9370
9381
9385
9397
9401
9408
9416
9422
9422
9453
9464
9468
9479
9480
9492
9505
9515
9533
9537
9542
9553
9554
9585
9598
9601
9611
9636
9645
9661
9670
9690
9712
9714
9716
9717
9717
9725
9749
9758
9763
9763
9768
9794
9802
9819
9824
9834
9872
9876
9888
9923
9926
9945
9965
9976
9978
