0
4
9
43
50
90
95
122
125
130
140
141
153
164
169
174
187
195
196
214
231
241
242
248
258
278
325
325
327
336
349
353
367
424
426
438
440
448
477
480
493
506
531
532
569
578
583
586
588
590
594
600
602
607
610
623
632
639
651
677
682
698
698
699
702
704
717
717
723
726
737
750
752
771
778
785
817
823
842
844
860
860
868
873
878
916
917
917
924
925
925
939
946
947
948
953
954
959
975
975
983
1011
1034
1043
1046
1069
1098
1116
1119
1121
1127
1132
1154
1166
1186
1189
1192
1201
1202
1223
1224
1232
1232
1234
1242
1249
1253
1271
1283
1284
1285
1290
1309
1334
1345
1363
1363
1368
1369
1373
1377
1379
1383
1384
1391
1459
1462
1462
1465
1486
1489
1491
1504
1530
1539
1560
1581
1587
1606
1608
1624
1624
1628
1628
1644
1654
1665
1666
1669
1687
1689
1714
1718
1727
1731
1734
1741
1749
1756
1764
1767
1775
1784
1795
1817
1835
1842
1860
1866
1895
1897
1901
1913
1922
1939
1945
1957
1974
1987
2034
2037
2040
2050
2072
2081
2083
2084
2094
2096
2108
2113
2115
2124
2137
2139
2147
2148
2152
2163
2178
2187
2195
2219
2229
2259
2261
2282
2286
2293
2304
2310
2333
2343
2343
2368
2385
2392
2403
2409
2433
2458
2469
2476
2508
2522
2543
2545
2577
2592
2597
2601
2610
2610
2620
2628
2629
2637
2639
2640
2655
2655
2665
2671
2676
2692
2698
2710
2733
2741
2763
2766
2808
2813
2826
2848
2854
2874
2885
2886
2915
2917
2920
2932
2936
2944
2955
2957
2962
2965
2975
2980
2989
2997
3003
3005
3015
3029
3039
3064
3082
3112
3112
3118
3122
3132
3146
3170
3174
3178
3190
3194
3198
3209
3212
3214
3219
3240
3249
3254
3269
3286
3286
3305
3315
3326
3345
3351
3356
3362
3390
3395
3400
3408
3410
3413
3424
3434
3451
3490
3500
3501
3502
3509
3515
3540
3542
3554
3555
3628
3638
3658
3661
3665
3681
3690
3707
3710
3714
3716
3722
3724
3739
3753
3772
3773
3775
3775
3794
3794
3795
3797
3798
3799
3806
3811
3817
3828
3837
3840
3853
3864
3881
3888
3901
3904
3915
3924
3934
3938
3945
3945
3953
3970
3980
3981
3993
4008
4019
4019
4039
4046
4049
4061
4061
4128
4137
4144
4151
4157
4158
4176
4183
4197
4203
4206
4206
4208
4222
4247
4252
4269
4280
4283
4304
4325
4333
4336
4345
4354
4355
4366
4367
4368
4369
4387
4397
4405
4417
4421
4423
4425
4425
4430
4432
4439
4449
4453
4461
4463
4472
4487
4511
4527
4529
4529
4534
4568
4578
4589
4594
4596
4602
4602
4648
4652
4653
4657
4658
4661
4667
4683
4693
4708
4712
4712
4736
4742
4752
4755
4764
4789
4796
4798
4804
4805
4812
4814
4842
4848
4864
4880
4889
4899
4902
4906
4936
4949
4991
4993
4995
4998
5010
5038
5038
5046
5065
5078
5079
5108
5115
5127
5129
5133
5135
5150
5186
5197
5208
5224
5232
5233
5242
5251
5253
5255
5257
5267
5268
5270
5279
5299
5300
5305
5327
5328
5332
5352
5369
5371
5391
5406
5411
5425
5431
5435
5467
5471
5491
5530
5531
5574
5595
5598
5600
5601
5632
5633
5644
5666
5714
5716
5726
5733
5743
5758
5776
5797
5801
5805
5812
5820
5829
5841
5841
5878
5887
5888
5895
5902
5903
5908
5940
5947
5959
5976
5991
6007
6009
6035
6064
6094
6095
6101
6101
6114
6115
6124
6145
6150
6157
6158
6160
6179
6190
6195
6196
6198
6215
6219
6232
6237
6244
6245
6248
6248
6250
6264
6267
6282
6284
6300
6315
6323
6335
6352
6363
6370
6380
6387
6391
6401
6420
6421
6428
6428
6452
6462
6464
6468
6474
6494
6528
6534
6538
6538
6538
6574
6583
6599
6607
6608
6611
6613
6620
6626
6652
6653
6662
6681
6686
6694
6706
6737
6744
6748
6756
6761
6775
6796
6798
6804
6816
6838
6859
6869
6902
6905
6908
6934
6936
6941
6943
6956
6959
6969
6984
6986
7010
7019
7023
7050
7066
7082
7091
7104
7106
7117
7131
7133
7140
7142
7144
7147
7158
7161
7165
7187
7191
7193
7196
7208
7210
7229
7237
7237
7237
7248
7277
7284
7299
7303
7311
7322
7331
7342
7343
7363
7367
7400
7426
7428
7435
7442
7444
7464
7466
7470
7475
7487
7488
7492
7514
7515
7521
7535
7536
7552
7553
7559
7569
7570
7604
7606
7607
7641
7651
7651
7655
7667
7673
7684
7686
7695
7703
7705
7711
7722
7751
7756
7760
7767
7767
7778
7786
7791
7791
7806
7820
7823
7826
7832
7837
7860
7876
7877
7880
7885
7889
7893
7900
7909
7919
7922
7932
7945
7947
7948
7964
7975
7984
7984
7991
7996
7999
8004
8009
8026
8066
8068
8069
8075
8079
8087
8088
8090
8102
8125
8126
8127
8139
8152
8159
8167
8196
8202
8206
8216
8233
8242
8244
8264
8278
8291
8304
8311
8318
8324
8343
8359
8374
8389
8411
8422
8430
8434
8441
8455
8456
8464
8481
8493
8498
8499
8521
8528
8532
8548
8559
8586
8588
8596
8598
8617
8632
8645
8647
8652
8653
8663
8674
8686
8700
8704
8707
8714
8719
8723
8732
8772
8773
8807
8824
8828
8832
8844
8846
8848
8852
8855
8859
8868
8874
8881
8899
8902
8908
8935
8936
8943
8952
8952
8956
8961
8964
8965
8975
8982
9000
9000
9003
9021
9047
9061
9075
9076
9080
9083
9094
9095
9115
9158
9163
9171
9173
9174
9186
9188
9195
9214
9241
9255
9268
9271
9280
9293
9295
9299
9311
9335
9340
9348
9379
9392
9430
9455
9455
9458
9472
9473
9485
9496
9505
9505
9515
9526
9556
9586
9589
9593
9619
9643
9645
9667
9682
9684
9692
9694
9697
9702
9706
9718
9725
9727
9730
9752
9758
9771
9801
9805
9815
9824
9824
9824
9828
9832
9833
9837
9843
9843
9851
9862
9870
9889
9939
9939
9941
9943
9950
9959
9971
