1
13
32
36
59
66
75
82
90
92
102
108
115
120
173
185
199
200
204
224
236
238
240
254
279
286
299
302
304
306
316
329
334
341
344
346
353
362
377
383
384
389
391
398
401
406
427
428
436
450
457
461
468
472
474
478
482
482
506
518
529
530
539
543
549
552
572
603
606
623
642
649
650
655
660
660
666
670
673
674
678
692
693
694
696
708
708
714
716
729
746
769
783
786
789
789
832
835
842
848
858
860
907
919
927
927
946
962
966
969
973
990
998
1000
1010
1016
1018
1046
1050
1073
1075
1091
1092
1114
1117
1140
1142
1152
1188
1189
1191
1209
1215
1216
1226
1231
1247
1266
1271
1287
1291
1299
1301
1327
1342
1348
1367
1371
1376
1380
1394
1400
1404
1410
1418
1419
1442
1472
1511
1519
1521
1526
1537
1539
1553
1560
1566
1566
1590
1590
1591
1603
1610
1614
1632
1640
1658
1675
1677
1689
1697
1730
1740
1753
1753
1762
1771
1777
1779
1801
1816
1830
1847
1861
1884
1894
1898
1900
1920
1926
1947
1948
1948
1956
1977
1985
1986
1987
1989
2018
2037
2038
2061
2068
2069
2071
2076
2090
2096
2099
2122
2126
2139
2156
2166
2168
2170
2171
2173
2175
2182
2193
2211
2214
2235
2252
2257
2269
2271
2275
2279
2283
2292
2306
2311
2318
2328
2334
2346
2360
2361
2373
2377
2378
2392
2392
2397
2403
2416
2432
2434
2443
2457
2461
2462
2464
2465
2473
2473
2486
2490
2491
2502
2522
2534
2534
2537
2539
2544
2550
2551
2566
2567
2631
2633
2643
2644
2685
2709
2717
2746
2754
2754
2760
2763
2786
2808
2814
2859
2892
2895
2907
2917
2926
2939
2941
2947
2955
2955
2970
2973
3008
3022
3054
3066
3080
3084
3085
3094
3094
3116
3118
3118
3129
3157
3166
3193
3193
3204
3206
3208
3219
3262
3271
3272
3302
3304
3333
3335
3348
3362
3377
3387
3411
3444
3474
3489
3497
3511
3513
3531
3556
3566
3584
3589
3596
3602
3604
3615
3624
3628
3630
3632
3636
3642
3654
3712
3718
3723
3725
3727
3759
3786
3818
3825
3831
3852
3857
3860
3860
3862
3873
3887
3898
3929
3934
3940
3949
3963
3972
3990
3991
3995
4026
4045
4090
4098
4098
4098
4101
4110
4124
4174
4177
4190
4197
4209
4209
4211
4212
4214
4219
4222
4242
4247
4270
4275
4295
4304
4327
4333
4335
4340
4343
4346
4356
4357
4362
4367
4371
4378
4378
4380
4381
4399
4428
4431
4436
4442
4458
4468
4509
4513
4519
4523
4527
4529
4539
4544
4563
4593
4601
4603
4629
4638
4642
4648
4651
4652
4658
4659
4660
4665
4666
4673
4673
4688
4697
4726
4727
4746
4751
4751
4760
4772
4772
4794
4814
4825
4856
4856
4895
4898
4901
4906
4908
4916
4923
4945
4960
4963
4965
4971
4975
4990
5019
5026
5050
5052
5055
5079
5112
5116
5119
5129
5139
5154
5159
5167
5180
5193
5195
5200
5215
5243
5258
5266
5285
5301
5306
5321
5330
5352
5357
5388
5393
5407
5409
5412
5417
5422
5425
5432
5450
5456
5459
5466
5473
5476
5487
5508
5509
5530
5532
5537
5551
5554
5600
5608
5622
5623
5645
5650
5659
5663
5671
5674
5692
5721
5745
5749
5769
5780
5794
5807
5828
5831
5844
5855
5860
5861
5867
5896
5906
5906
5924
5932
5932
5943
5974
5987
5991
5998
5999
6011
6025
6027
6027
6042
6047
6056
6066
6085
6086
6095
6101
6110
6118
6121
6131
6137
6150
6158
6160
6189
6191
6193
6205
6222
6226
6254
6261
6295
6298
6304
6312
6328
6330
6341
6352
6354
6361
6364
6395
6400
6403
6410
6444
6452
6456
6466
6488
6499
6503
6513
6514
6517
6518
6539
6546
6551
6566
6568
6569
6601
6605
6606
6624
6625
6627
6637
6643
6659
6662
6670
6672
6672
6676
6683
6685
6692
6704
6715
6723
6735
6748
6751
6752
6755
6756
6789
6794
6802
6808
6813
6814
6817
6824
6845
6858
6865
6878
6914
6921
6927
6950
6965
6969
6996
7087
7090
7098
7126
7127
7128
7139
7164
7187
7203
7206
7211
7217
7221
7224
7225
7225
7227
7279
7285
7293
7301
7347
7373
7373
7378
7390
7392
7400
7407
7411
7420
7424
7425
7432
7437
7442
7452
7453
7457
7464
7464
7486
7487
7507
7517
7522
7544
7566
7574
7587
7592
7592
7622
7631
7633
7635
7646
7662
7668
7670
7683
7688
7695
7710
7712
7716
7717
7721
7723
7748
7749
7766
7774
7799
7817
7824
7834
7843
7849
7858
7879
7905
7919
7939
7945
7947
7955
7974
7988
8009
8025
8047
8063
8067
8067
8084
8090
8102
8108
8120
8143
8146
8150
8158
8171
8176
8177
8181
8192
8193
8196
8201
8207
8219
8241
8246
8251
8289
8314
8320
8338
8349
8360
8369
8375
8388
8389
8392
8397
8400
8401
8406
8407
8410
8417
8419
8472
8478
8495
8500
8545
8547
8548
8568
8586
8596
8630
8653
8666
8667
8670
8676
8677
8679
8679
8687
8704
8709
8710
8713
8738
8750
8751
8752
8757
8773
8786
8799
8816
8826
8831
8838
8845
8851
8863
8872
8872
8885
8891
8895
8898
8910
8916
8919
8941
8943
8944
8951
8952
8969
8984
8984
8993
8997
8999
9015
9038
9041
9043
9047
9056
9075
9096
9096
9102
9103
9107
9112
9112
9119
9121
9122
9132
9132
9136
9136
9176
9184
9194
9200
9213
9232
9237
9241
9244
9254
9278
9280
9302
9313
9318
9318
9325
9341
9349
9351
9366
9368
9381
9384
9389
9392
9406
9409
9411
9412
9415
9424
9426
9442
9442
9445
9456
9474
9476
9486
9498
9500
9506
9508
9510
9514
9519
9527
9547
9584
9599
9613
9618
9627
9627
9632
9645
9655
9658
9668
9675
9675
9685
9698
9711
9736
9748
9748
9750
9763
9764
9764
9786
9793
9799
9802
9812
9820
9823
9829
9882
9887
9896
9898
9922
9962
9968
9971
9972
9978
9986
9995
9996
9997
