5
9
28
30
36
57
60
70
100
113
116
144
145
146
146
171
172
186
193
201
201
205
208
216
218
224
247
251
290
292
311
316
324
329
340
371
379
409
411
422
424
425
441
454
457
469
477
480
509
520
540
541
553
562
565
573
577
584
586
590
594
625
627
639
651
665
678
681
693
722
725
761
763
790
795
799
800
802
810
812
816
822
834
842
843
860
863
876
883
892
896
902
903
906
908
925
931
935
938
952
957
962
982
982
988
1007
1015
1026
1037
1057
1066
1067
1067
1079
1081
1081
1088
1090
1101
1141
1146
1148
1161
1161
1175
1182
1187
1197
1199
1212
1222
1232
1232
1234
1238
1251
1256
1278
1294
1300
1309
1317
1321
1337
1341
1351
1363
1364
1364
1374
1377
1395
1413
1421
1445
1450
1455
1483
1506
1507
1513
1550
1574
1576
1581
1597
1606
1610
1612
1620
1649
1661
1661
1668
1669
1670
1686
1701
1711
1713
1718
1724
1734
1750
1755
1764
1772
1778
1786
1794
1800
1807
1826
1827
1827
1855
1861
1863
1869
1873
1879
1885
1893
1900
1903
1908
1912
1942
1968
1980
1984
1995
1996
2024
2037
2074
2094
2097
2107
2109
2112
2112
2123
2130
2137
2138
2139
2153
2156
2161
2165
2170
2197
2198
2226
2229
2231
2256
2266
2270
2297
2305
2310
2354
2396
2401
2413
2417
2424
2457
2484
2496
2502
2503
2531
2538
2541
2546
2548
2549
2577
2588
2588
2597
2599
2628
2634
2635
2637
2641
2650
2651
2694
2707
2708
2709
2775
2776
2783
2802
2807
2808
2820
2830
2840
2845
2851
2851
2855
2858
2868
2869
2883
2885
2897
2898
2905
2910
2934
2934
2934
2969
2970
3002
3021
3025
3026
3028
3047
3049
3050
3074
3078
3082
3088
3090
3094
3105
3113
3133
3134
3136
3150
3159
3164
3172
3203
3209
3214
3217
3218
3221
3243
3267
3278
3282
3284
3285
3287
3305
3315
3348
3350
3363
3371
3414
3430
3438
3438
3447
3454
3455
3478
3488
3498
3505
3510
3523
3529
3530
3565
3573
3576
3582
3588
3597
3606
3636
3643
3644
3645
3648
3654
3654
3665
3685
3707
3716
3743
3745
3768
3773
3773
3792
3814
3818
3819
3830
3832
3836
3848
3848
3851
3854
3857
3861
3884
3885
3888
3892
3893
3933
3934
3947
3960
3977
3983
3998
3999
4012
4013
4022
4030
4042
4046
4049
4051
4053
4054
4055
4079
4082
4099
4110
4116
4118
4124
4127
4128
4134
4134
4136
4142
4146
4148
4154
4160
4166
4190
4194
4201
4204
4218
4231
4236
4244
4250
4266
4286
4290
4290
4295
4300
4305
4323
4348
4362
4373
4385
4390
4428
4444
4450
4457
4459
4489
4492
4508
4533
4535
4558
4567
4576
4622
4644
4648
4676
4695
4711
4712
4713
4723
4727
4730
4733
4741
4772
4778
4784
4784
4791
4813
4828
4831
4847
4852
4853
4878
4879
4890
4891
4932
4948
4951
4955
4960
4972
4984
4987
4989
4996
5018
5025
5027
5048
5055
5070
5090
5102
5104
5122
5133
5146
5160
5161
5171
5175
5204
5207
5213
5232
5232
5262
5274
5274
5302
5311
5337
5340
5351
5362
5371
5371
5391
5399
5404
5405
5408
5416
5421
5435
5441
5446
5448
5450
5465
5478
5480
5484
5499
5505
5520
5521
5528
5556
5556
5565
5566
5593
5614
5646
5656
5671
5701
5711
5723
5740
5742
5753
5776
5779
5793
5820
5845
5846
5847
5916
5925
5941
5944
5956
5975
5979
5991
5998
6006
6015
6030
6033
6036
6042
6048
6056
6057
6071
6076
6081
6085
6094
6095
6096
6096
6102
6110
6122
6128
6134
6157
6160
6166
6168
6175
6176
6178
6182
6183
6185
6186
6229
6245
6284
6294
6298
6299
6309
6313
6320
6321
6323
6332
6333
6362
6378
6392
6392
6463
6464
6482
6485
6503
6518
6519
6552
6559
6562
6573
6580
6581
6605
6632
6638
6664
6669
6678
6684
6693
6695
6724
6735
6744
6748
6764
6766
6790
6795
6809
6813
6823
6833
6837
6847
6847
6854
6865
6869
6874
6884
6887
6890
6893
6905
6913
6921
6941
6941
6952
7012
7017
7032
7050
7076
7089
7131
7136
7148
7172
7179
7191
7191
7198
7211
7213
7283
7295
7303
7330
7334
7346
7347
7367
7374
7380
7382
7403
7406
7407
7426
7441
7442
7444
7486
7498
7498
7503
7504
7529
7549
7554
7556
7558
7562
7567
7588
7603
7612
7613
7621
7622
7627
7633
7646
7647
7685
7688
7702
7703
7718
7727
7741
7743
7744
7744
7750
7753
7754
7758
7772
7790
7800
7819
7840
7845
7847
7857
7874
7880
7887
7888
7906
7906
7915
7917
7931
7936
7944
7945
7954
7970
7978
8014
8017
8025
8033
8037
8051
8053
8057
8061
8063
8073
8088
8090
8091
8114
8120
8121
8121
8131
8151
8168
8191
8194
8195
8196
8199
8200
8218
8219
8220
8221
8230
8235
8260
8268
8312
8330
8332
8385
8385
8387
8395
8397
8414
8418
8420
8423
8438
8440
8457
8459
8507
8514
8514
8535
8539
8540
8545
8563
8598
8608
8626
8632
8635
8637
8639
8647
8657
8660
8662
8672
8685
8707
8721
8723
8723
8724
8740
8766
8776
8776
8784
8787
8801
8811
8815
8823
8823
8826
8831
8837
8838
8857
8857
8860
8877
8885
8897
8906
8907
8913
8927
8928
8951
8959
8960
8969
8993
9011
9013
9016
9022
9040
9042
9051
9057
9058
9084
9098
9102
9121
9130
9141
9152
9154
9163
9164
9167
9169
9173
9173
9177
9179
9179
9181
9206
9211
9225
9227
9230
9236
9236
9248
9269
9283
9289
9290
9290
9317
9320
9344
9350
9358
9393
9394
9400
9427
9429
9454
9456
9461
9476
9483
9484
9500
9511
9525
9536
9542
9606
9619
9624
9653
9655
9662
9663
9668
9668
9679
9685
9686
9689
9706
9725
9759
9765
9767
9776
9780
9784
9795
9813
9818
9831
9852
9864
9873
9875
9889
9889
9899
9900
9928
9931
9937
9947
9949
9953
9970
9990
9990
