2
9
12
16
23
24
25
33
33
45
55
76
91
104
111
112
113
162
176
180
194
195
199
206
215
222
234
245
250
259
262
276
279
286
305
348
352
362
373
388
403
407
417
419
420
423
429
433
453
456
471
472
473
487
492
498
503
507
514
519
520
525
560
564
578
585
639
662
663
672
678
679
699
722
755
756
759
787
806
812
814
815
826
846
846
856
857
881
882
895
898
911
922
940
951
1010
1022
1033
1037
1040
1045
1054
1058
1067
1069
1076
1117
1137
1146
1152
1159
1179
1185
1186
1196
1217
1227
1227
1246
1248
1268
1294
1325
1325
1326
1331
1348
1368
1368
1375
1376
1377
1384
1391
1397
1400
1418
1420
1442
1446
1454
1462
1475
1484
1499
1527
1528
1538
1547
1552
1564
1585
1587
1606
1631
1634
1637
1643
1661
1693
1697
1707
1714
1726
1727
1742
1775
1792
1792
1798
1801
1822
1840
1856
1856
1858
1864
1875
1883
1890
1893
1897
1906
1908
1922
1922
1929
1939
1945
1947
1971
1972
1973
1989
2006
2009
2049
2057
2061
2070
2078
2087
2104
2104
2123
2139
2152
2160
2167
2173
2187
2195
2214
2221
2270
2283
2293
2293
2294
2311
2313
2321
2333
2337
2341
2345
2347
2354
2385
2395
2403
2404
2424
2426
2432
2442
2449
2455
2465
2499
2516
2516
2517
2526
2542
2543
2546
2547
2557
2575
2582
2625
2628
2634
2655
2656
2657
2664
2671
2683
2695
2706
2723
2741
2754
2758
2771
2772
2792
2801
2802
2805
2816
2842
2852
2874
2876
2895
2904
2905
2906
2937
2942
2949
2950
2985
3001
3012
3015
3017
3023
3028
3031
3036
3063
3064
3068
3074
3114
3116
3127
3150
3172
3184
3197
3197
3207
3208
3230
3237
3240
3240
3246
3256
3275
3284
3286
3297
3302
3312
3315
3318
3329
3343
3352
3366
3376
3382
3390
3395
3406
3414
3451
3460
3465
3507
3510
3518
3518
3523
3524
3526
3528
3532
3542
3548
3578
3579
3579
3588
3596
3621
3624
3634
3645
3652
3657
3658
3665
3687
3688
3725
3727
3730
3733
3735
3741
3753
3765
3770
3773
3801
3836
3864
3864
3873
3878
3886
3888
3892
3908
3923
3944
3944
3949
3970
3980
3980
3998
4012
4013
4030
4035
4041
4042
4044
4044
4068
4079
4094
4102
4102
4123
4147
4149
4156
4177
4179
4181
4185
4205
4211
4218
4225
4244
4262
4262
4269
4270
4274
4289
4294
4325
4327
4334
4348
4358
4385
4402
4405
4412
4438
4458
4459
4462
4469
4476
4477
4480
4483
4483
4497
4504
4544
4545
4553
4553
4570
4574
4576
4594
4596
4598
4625
4637
4650
4651
4656
4677
4694
4701
4708
4717
4733
4744
4755
4757
4758
4759
4778
4798
4811
4826
4840
4856
4862
4885
4906
4915
4920
4931
4933
4934
4942
4945
4948
4955
4968
4982
4992
4995
5003
5025
5028
5032
5041
5044
5048
5056
5064
5076
5099
5110
5111
5117
5118
5124
5138
5150
5156
5158
5191
5212
5218
5240
5240
5243
5246
5256
5256
5258
5266
5286
5305
5316
5329
5331
5341
5353
5364
5373
5376
5378
5385
5387
5408
5412
5414
5434
5437
5438
5442
5451
5459
5470
5471
5475
5481
5484
5490
5524
5526
5527
5529
5534
5539
5549
5555
5564
5572
5585
5587
5594
5619
5624
5637
5674
5677
5678
5695
5696
5698
5705
5714
5723
5728
5738
5745
5755
5778
5784
5797
5800
5803
5833
5839
5850
5851
5853
5857
5868
5876
5881
5887
5890
5898
5902
5906
5911
5915
5935
5935
5941
5973
5990
6001
6008
6011
6014
6024
6025
6027
6037
6037
6062
6063
6063
6075
6096
6117
6119
6141
6146
6161
6162
6169
6176
6181
6185
6190
6191
6199
6211
6226
6235
6237
6254
6266
6284
6295
6300
6311
6311
6313
6316
6329
6336
6339
6340
6355
6358
6362
6377
6378
6382
6409
6420
6440
6442
6454
6466
6467
6485
6488
6508
6523
6575
6584
6589
6600
6611
6619
6634
6642
6656
6657
6669
6672
6684
6691
6713
6724
6725
6728
6732
6741
6754
6754
6797
6817
6820
6820
6832
6840
6840
6842
6844
6853
6859
6866
6875
6893
6908
6909
6914
6932
6957
6979
6988
6994
7024
7029
7036
7037
7046
7060
7072
7077
7090
7098
7105
7107
7121
7125
7144
7155
7159
7161
7164
7169
7178
7193
7202
7216
7218
7231
7236
7243
7248
7272
7277
7280
7284
7284
7289
7290
7294
7298
7322
7335
7339
7340
7346
7350
7351
7351
7353
7356
7359
7364
7375
7376
7385
7387
7391
7403
7411
7414
7424
7428
7429
7434
7470
7470
7479
7497
7521
7530
7563
7588
7589
7622
7632
7635
7639
7652
7658
7678
7691
7701
7711
7735
7739
7750
7751
7761
7766
7784
7817
7825
7838
7847
7881
7882
7891
7913
7933
7935
7937
7939
7952
7958
7966
7967
7969
7979
7982
8012
8020
8023
8025
8028
8028
8051
8061
8090
8095
8112
8127
8129
8145
8146
8167
8178
8193
8195
8213
8215
8218
8224
8228
8229
8235
8254
8259
8261
8274
8277
8295
8298
8311
8330
8339
8366
8369
8374
8378
8383
8384
8388
8427
8431
8434
8447
8452
8469
8480
8496
8518
8524
8535
8568
8575
8579
8590
8603
8608
8642
8648
8658
8660
8691
8706
8715
8742
8747
8747
8749
8751
8755
8756
8782
8789
8791
8793
8808
8818
8845
8851
8852
8855
8862
8866
8870
8872
8879
8894
8901
8914
8929
8931
8944
8945
8969
8993
8999
9010
9028
9034
9043
9068
9069
9091
9103
9110
9110
9112
9133
9142
9169
9170
9179
9196
9213
9231
9237
9243
9245
9247
9265
9273
9278
9320
9341
9342
9395
9396
9451
9458
9460
9461
9463
9510
9514
9528
9540
9558
9559
9563
9566
9572
9617
9617
9618
9622
9629
9634
9643
9644
9647
9657
9658
9674
9684
9700
9713
9715
9717
9719
9748
9767
9778
9788
9790
9796
9812
9819
9838
9846
9848
9852
9853
9857
9895
9934
9936
9965
9973
9975
9981
