13
18
28
28
30
50
52
81
81
99
116
125
139
139
144
152
161
164
197
220
238
241
249
256
263
263
283
297
304
322
328
349
358
359
362
363
375
376
379
388
398
404
429
440
457
467
474
476
481
483
483
494
501
522
529
531
538
553
556
560
564
567
569
574
574
575
575
578
580
633
635
638
642
681
691
698
702
712
716
728
734
798
802
814
821
828
830
831
845
848
850
857
882
883
919
919
922
932
936
942
954
958
963
989
1020
1021
1033
1037
1045
1048
1058
1060
1060
1069
1073
1075
1095
1099
1099
1101
1105
1115
1119
1130
1141
1156
1158
1163
1173
1177
1213
1224
1236
1239
1245
1253
1278
1287
1290
1300
1321
1331
1348
1349
1352
1382
1387
1416
1442
1461
1475
1481
1487
1489
1494
1496
1497
1499
1506
1509
1516
1529
1537
1544
1557
1565
1565
1568
1572
1573
1593
1596
1630
1672
1679
1692
1692
1706
1725
1727
1747
1763
1783
1793
1800
1809
1809
1815
1823
1845
1850
1860
1866
1877
1880
1884
1897
1898
1910
1915
1929
1934
1951
1964
1969
1985
1989
1996
2004
2007
2007
2008
2013
2049
2058
2064
2068
2073
2079
2081
2083
2114
2121
2131
2148
2149
2151
2158
2177
2199
2228
2245
2249
2252
2270
2272
2274
2297
2299
2301
2317
2321
2326
2331
2333
2337
2343
2347
2369
2369
2374
2374
2383
2384
2402
2412
2435
2445
2448
2467
2478
2529
2538
2556
2564
2589
2599
2610
2625
2641
2649
2671
2681
2682
2695
2704
2712
2713
2719
2722
2727
2734
2738
2744
2751
2758
2769
2778
2798
2818
2820
2827
2833
2834
2843
2852
2892
2898
2902
2925
2929
2934
2936
2944
2945
2974
2974
2989
3006
3009
3011
3019
3023
3046
3062
3087
3094
3098
3112
3145
3156
3185
3188
3191
3198
3206
3223
3245
3245
3246
3258
3261
3263
3271
3272
3290
3298
3307
3314
3337
3348
3366
3401
3405
3409
3432
3438
3441
3455
3459
3463
3466
3519
3523
3524
3541
3573
3574
3579
3592
3606
3612
3625
3649
3667
3685
3686
3690
3693
3702
3703
3710
3716
3721
3732
3736
3738
3745
3762
3787
3794
3798
3801
3805
3821
3827
3828
3847
3852
3862
3869
3880
3884
3888
3897
3906
3914
3943
3980
3981
4022
4022
4041
4041
4063
4102
4105
4107
4112
4128
4144
4151
4170
4176
4178
4189
4221
4241
4272
4279
4288
4299
4318
4342
4343
4345
4346
4351
4353
4382
4398
4420
4422
4438
4453
4455
4467
4489
4495
4499
4503
4513
4520
4545
4546
4560
4563
4571
4584
4586
4588
4599
4607
4636
4643
4644
4660
4668
4675
4681
4685
4697
4718
4732
4741
4746
4755
4768
4788
4792
4830
4831
4870
4876
4880
4881
4893
4897
4899
4902
4904
4928
4962
4975
4983
4986
5004
5028
5036
5076
5100
5113
5137
5156
5156
5178
5179
5184
5187
5192
5208
5215
5240
5244
5252
5285
5286
5301
5303
5318
5328
5332
5334
5359
5360
5363
5364
5373
5373
5395
5420
5421
5424
5428
5440
5483
5484
5489
5508
5529
5542
5557
5565
5577
5584
5587
5593
5601
5610
5621
5623
5633
5635
5640
5640
5704
5712
5716
5728
5754
5757
5766
5795
5803
5824
5831
5839
5853
5864
5869
5888
5891
5900
5901
5922
5933
5935
5937
5937
5940
5967
5982
6009
6015
6026
6033
6042
6068
6089
6096
6097
6098
6107
6110
6137
6146
6185
6189
6193
6199
6201
6204
6204
6211
6214
6215
6221
6221
6222
6227
6228
6233
6240
6241
6244
6281
6286
6287
6303
6308
6312
6330
6336
6337
6346
6360
6364
6367
6368
6382
6384
6388
6398
6454
6457
6465
6498
6505
6510
6520
6522
6524
6528
6555
6559
6561
6564
6591
6601
6608
6610
6632
6636
6638
6646
6654
6654
6659
6675
6693
6702
6713
6737
6739
6751
6754
6763
6769
6772
6786
6815
6816
6816
6824
6836
6855
6862
6864
6867
6877
6888
6896
6917
6918
6933
6946
6964
6967
6998
7009
7010
7023
7026
7028
7030
7039
7046
7059
7064
7084
7094
7099
7100
7112
7115
7116
7129
7140
7145
7162
7163
7186
7207
7208
7232
7244
7247
7257
7276
7288
7309
7312
7334
7337
7337
7338
7341
7354
7374
7380
7420
7421
7437
7438
7444
7453
7466
7477
7480
7481
7501
7501
7532
7532
7537
7565
7583
7586
7605
7619
7629
7635
7636
7638
7657
7667
7677
7678
7683
7688
7692
7693
7704
7706
7731
7753
7756
7764
7765
7769
7771
7787
7789
7800
7804
7804
7816
7817
7827
7828
7838
7853
7853
7854
7857
7866
7882
7884
7892
7895
7918
7927
7927
7932
7950
7969
7974
7985
7994
7994
8012
8034
8060
8078
8079
8081
8085
8087
8090
8092
8094
8108
8108
8138
8146
8150
8157
8168
8170
8180
8197
8202
8204
8215
8216
8222
8223
8245
8253
8258
8260
8260
8268
8271
8282
8289
8298
8313
8314
8357
8358
8360
8373
8394
8410
8432
8433
8444
8452
8503
8515
8526
8555
8568
8572
8591
8620
8629
8636
8640
8652
8654
8660
8664
8689
8708
8717
8733
8734
8744
8751
8753
8754
8761
8763
8770
8771
8780
8792
8798
8807
8807
8808
8833
8844
8849
8858
8865
8897
8916
8916
8936
8939
8940
8944
8965
8981
8996
9010
9023
9041
9080
9080
9090
9094
9097
9106
9121
9126
9141
9145
9157
9158
9162
9169
9195
9196
9199
9208
9222
9233
9251
9261
9272
9275
9277
9290
9294
9305
9316
9330
9330
9334
9342
9361
9375
9379
9381
9401
9407
9411
9414
9419
9426
9435
9453
9454
9473
9494
9498
9514
9520
9534
9560
9565
9574
9578
9579
9580
9582
9615
9616
9618
9625
9630
9631
9633
9634
9648
9653
9659
9671
9681
9683
9684
9693
9694
9702
9714
9719
9720
9722
9744
9745
9747
9764
9772
9775
9780
9802
9834
9837
9838
9865
9875
9880
9880
9884
9885
9885
9886
9900
9903
9905
9918
9920
9936
9967
9994
9995
