21
21
44
46
62
77
79
84
95
98
100
146
175
179
193
195
217
236
247
264
264
278
280
290
312
313
314
316
322
324
335
341
349
354
358
366
373
387
396
399
405
421
441
442
444
477
480
488
491
501
509
518
526
559
561
563
568
582
590
597
605
612
626
636
654
658
673
701
712
713
718
724
728
734
737
746
782
788
801
809
811
813
890
902
925
926
929
946
947
955
956
961
965
967
972
981
985
1014
1015
1023
1029
1083
1085
1092
1098
1103
1108
1108
1113
1119
1132
1135
1155
1155
1157
1160
1164
1168
1175
1179
1199
1203
1216
1223
1241
1259
1264
1268
1282
1301
1302
1306
1331
1339
1340
1342
1347
1354
1366
1370
1374
1377
1391
1394
1403
1434
1440
1446
1462
1463
1481
1484
1485
1487
1493
1497
1514
1516
1529
1541
1566
1580
1588
1594
1599
1599
1600
1616
1619
1621
1645
1663
1681
1710
1729
1730
1759
1772
1784
1787
1802
1827
1850
1862
1868
1889
1891
1906
1923
1948
1948
1953
1960
1974
1985
1994
2005
2005
2010
2018
2018
2030
2062
2083
2092
2112
2113
2122
2134
2141
2147
2147
2177
2184
2206
2220
2224
2224
2226
2227
2228
2242
2260
2266
2283
2290
2300
2304
2326
2328
2329
2332
2339
2339
2354
2356
2356
2359
2363
2370
2379
2380
2384
2412
2429
2436
2447
2450
2461
2467
2482
2484
2488
2488
2493
2517
2526
2536
2540
2547
2554
2562
2580
2583
2586
2587
2588
2610
2630
2637
2646
2660
2673
2677
2693
2701
2708
2713
2713
2739
2758
2758
2760
2766
2766
2799
2805
2805
2821
2828
2837
2844
2850
2850
2854
2857
2865
2878
2889
2895
2907
2928
2932
2934
2935
2940
2943
2943
2949
2951
2959
2961
2971
2998
3004
3015
3017
3017
3028
3029
3043
3074
3077
3085
3102
3125
3137
3138
3149
3158
3182
3183
3189
3189
3212
3213
3237
3243
3265
3274
3289
3293
3300
3315
3330
3343
3366
3379
3384
3385
3388
3396
3400
3424
3424
3465
3475
3480
3487
3504
3518
3519
3532
3535
3537
3542
3547
3554
3568
3583
3585
3594
3600
3607
3645
3646
3661
3669
3678
3688
3729
3737
3752
3753
3757
3761
3766
3773
3775
3796
3799
3804
3808
3816
3830
3853
3853
3866
3884
3888
3900
3901
3915
3928
3931
3953
3959
3976
3984
4002
4008
4020
4036
4036
4078
4087
4140
4145
4151
4159
4183
4184
4188
4199
4201
4203
4213
4217
4227
4229
4232
4243
4251
4257
4267
4276
4286
4289
4293
4299
4306
4310
4319
4336
4346
4352
4357
4373
4379
4394
4399
4461
4463
4469
4476
4495
4497
4530
4546
4547
4557
4570
4582
4589
4599
4628
4629
4633
4660
4667
4669
4675
4685
4698
4719
4723
4745
4761
4780
4794
4812
4820
4825
4830
4834
4837
4868
4880
4895
4922
4925
4930
4934
4941
4945
4954
4954
4993
5012
5013
5023
5024
5026
5028
5030
5041
5060
5060
5077
5081
5117
5120
5143
5153
5154
5167
5170
5170
5177
5186
5199
5204
5219
5221
5227
5253
5253
5256
5268
5276
5284
5284
5291
5301
5322
5324
5327
5367
5386
5388
5398
5412
5423
5441
5441
5442
5456
5457
5458
5499
5501
5511
5512
5512
5538
5564
5569
5576
5576
5590
5595
5634
5636
5638
5655
5661
5666
5671
5687
5698
5701
5709
5729
5729
5729
5733
5737
5750
5757
5783
5806
5811
5838
5839
5841
5846
5847
5847
5848
5861
5865
5869
5870
5872
5872
5889
5890
5891
5892
5908
5921
5939
5941
5954
5958
5958
5963
5968
5970
5975
5977
5990
5999
6005
6010
6011
6014
6023
6029
6044
6061
6081
6098
6099
6101
6136
6138
6145
6155
6159
6174
6176
6177
6179
6181
6195
6250
6250
6279
6286
6293
6307
6309
6313
6323
6337
6344
6348
6358
6377
6396
6400
6418
6427
6465
6469
6471
6479
6486
6523
6524
6527
6532
6541
6546
6546
6554
6557
6559
6561
6595
6595
6601
6644
6647
6652
6657
6664
6671
6676
6708
6738
6739
6746
6747
6762
6765
6776
6784
6789
6795
6797
6804
6806
6808
6815
6825
6843
6904
6943
6947
6965
6977
6980
6985
6990
6992
7035
7037
7038
7039
7062
7078
7081
7085
7090
7092
7114
7128
7133
7145
7150
7155
7158
7175
7198
7210
7214
7219
7222
7226
7226
7236
7261
7277
7283
7294
7304
7319
7321
7322
7349
7373
7378
7403
7403
7408
7429
7466
7473
7473
7474
7481
7482
7490
7490
7505
7507
7510
7515
7521
7521
7528
7529
7531
7549
7552
7566
7569
7571
7574
7574
7578
7600
7615
7617
7619
7621
7638
7640
7641
7660
7668
7678
7680
7683
7687
7690
7697
7703
7706
7716
7718
7721
7731
7736
7736
7738
7739
7747
7749
7752
7779
7791
7813
7814
7875
7879
7888
7919
7921
7944
7963
7974
7996
8016
8023
8028
8063
8086
8098
8098
8101
8109
8123
8165
8167
8171
8179
8183
8198
8200
8201
8227
8227
8227
8236
8270
8274
8302
8332
8348
8359
8360
8390
8399
8400
8400
8400
8410
8411
8433
8447
8450
8460
8472
8480
8484
8486
8503
8506
8512
8533
8543
8568
8582
8582
8609
8610
8643
8653
8654
8659
8667
8675
8696
8701
8709
8721
8728
8744
8760
8760
8793
8794
8799
8813
8815
8835
8842
8850
8865
8869
8877
8879
8896
8967
8993
8999
9002
9016
9017
9018
9039
9041
9052
9060
9072
9087
9109
9142
9151
9156
9188
9191
9201
9203
9211
9221
9224
9227
9232
9243
9248
9255
9275
9276
9283
9286
9295
9342
9370
9379
9384
9384
9394
9400
9418
9421
9427
9438
9441
9444
9454
9467
9481
9491
9498
9505
9517
9531
9536
9543
9547
9550
9563
9568
9595
9596
9606
9622
9637
9646
9663
9666
9693
9694
9717
9727
9729
9734
9773
9781
9782
9799
9806
9807
9819
9824
9826
9829
9831
9832
9834
9838
9841
9843
9848
9879
9882
9888
9914
9943
9946
9948
9949
9954
9967
9974
9987
